0.571267843246459961
0.571267843246459961
0.571267843246459961
0.571267843246459961
0.571267843246459961
0.571267843246459961
0.571267843246459961
0.571039259433746338
0.569855093955993652
0.567502558231353760
0.563800513744354248
0.559966981410980225
0.556602835655212402
0.553675413131713867
0.551933169364929199
0.552057147026062012
0.554434657096862793
0.558779537677764893
0.563319444656372070
0.566666781902313232
0.568464517593383789
0.569881200790405273
0.570796310901641846
0.571226358413696289
0.571267843246459961
0.571267843246459961
0.571267843246459961
0.571267843246459961
0.571267843246459961
0.571267843246459961
0.571267843246459961
0.571267843246459961
0.571200907230377197
0.571030616760253906
0.570282101631164551
0.568102240562438965
0.563528239727020264
0.556868433952331543
0.547021925449371338
0.533500194549560547
0.518319010734558105
0.504043400287628174
0.498616456985473633
0.503134310245513916
0.515009760856628418
0.529371857643127441
0.543385744094848633
0.554790735244750977
0.561525821685791016
0.565977871417999268
0.569118142127990723
0.570761144161224365
0.571255624294281006
0.571266174316406250
0.571265637874603271
0.571267843246459961
0.571267843246459961
0.571267843246459961
0.571267843246459961
0.571174204349517822
0.570942461490631104
0.569900035858154297
0.566227316856384277
0.557866215705871582
0.542087554931640625
0.517135560512542725
0.478676170110702515
0.429023027420043945
0.379163980484008789
0.339612603187561035
0.326285898685455322
0.339748084545135498
0.379060178995132446
0.432770520448684692
0.482193797826766968
0.518378257751464844
0.540401101112365723
0.553903937339782715
0.563220441341400146
0.568633854389190674
0.570699155330657959
0.571102559566497803
0.571193218231201172
0.571267843246459961
0.571267843246459961
0.571267843246459961
0.571232080459594727
0.570970177650451660
0.569857060909271240
0.565928578376770020
0.555773198604583740
0.531696617603302002
0.483652770519256592
0.402853310108184814
0.295476287603378296
0.177823573350906372
0.080067485570907593
0.014623880386352539
0.000000000000000000
0.024019002914428711
0.096033424139022827
0.199680685997009277
0.314488679170608521
0.416098713874816895
0.486418396234512329
0.525689244270324707
0.547631978988647461
0.560254871845245361
0.567628562450408936
0.570450961589813232
0.571073114871978760
0.571220755577087402
0.571267843246459961
0.571267843246459961
0.571152210235595703
0.570368826389312744
0.567458570003509521
0.556697309017181396
0.526560366153717041
0.459684401750564575
0.343351244926452637
0.184114128351211548
0.011561453342437744
0.000000000000000000
0.000000000000000000
0.000000000000000000
0.000000000000000000
0.000000000000000000
0.000000000000000000
0.000000000000000000
0.044046700000762939
0.227207481861114502
0.375129818916320801
0.470009356737136841
0.520482659339904785
0.546220421791076660
0.560427427291870117
0.567274987697601318
0.570109367370605469
0.571060836315155029
0.571267843246459961
0.571183323860168457
0.570570588111877441
0.568266749382019043
0.559477686882019043
0.531117975711822510
0.461813807487487793
0.328320801258087158
0.146886795759201050
0.000000000000000000
0.000000000000000000
0.075368493795394897
0.149753868579864502
0.000000000000000000
0.000000000000000000
0.000000000000000000
0.000000000000000000
0.000000000000000000
0.000000000000000000
0.000000000000000000
0.199351638555526733
0.369395196437835693
0.472458183765411377
0.526529133319854736
0.553090155124664307
0.564241468906402588
0.569350957870483398
0.570923209190368652
0.571227550506591797
0.570678710937500000
0.568830072879791260
0.562788605690002441
0.541291952133178711
0.482345402240753174
0.359783858060836792
0.180709540843963623
0.000000000000000000
0.000000000000000000
0.068271040916442871
0.983320236206054688
1.807403683662414551
2.287643909454345703
0.889015734195709229
0.000000000000000000
0.000000000000000000
0.000000000000000000
0.000000000000000000
0.000000000000000000
0.010958492755889893
0.239815890789031982
0.398895978927612305
0.488987624645233154
0.537591457366943359
0.558824062347412109
0.567052304744720459
0.569944560527801514
0.571212470531463623
0.570210278034210205
0.566883683204650879
0.553899109363555908
0.512078762054443359
0.416599363088607788
0.264822453260421753
0.081429064273834229
0.000000000000000000
0.000000000000000000
0.870375871658325195
1.735695004463195801
1.649457693099975586
2.369025707244873047
2.137106418609619141
1.852487564086914063
0.717290103435516357
0.000000000000000000
0.000000000000000000
0.000000000000000000
0.000000000000000000
0.104081451892852783
0.316830247640609741
0.449849963188171387
0.520243942737579346
0.552339017391204834
0.565418779850006104
0.569562196731567383
0.571062207221984863
0.569218933582305908
0.563689589500427246
0.541289806365966797
0.479128330945968628
0.364094436168670654
0.210449218750000000
0.040292382240295410
0.000000000000000000
0.211673885583877563
1.356172800064086914
1.087329745292663574
0.000000000000000000
0.000000000000000000
0.776461064815521240
2.758481502532958984
3.168036222457885742
2.190339803695678711
0.804565906524658203
0.000000000000000000
0.000000000000000000
0.000000000000000000
0.225395143032073975
0.401919245719909668
0.497940063476562500
0.542383432388305664
0.561423718929290771
0.568106889724731445
0.570761799812316895
0.567717492580413818
0.558512270450592041
0.527538895606994629
0.454621225595474243
0.338566720485687256
0.192969977855682373
0.011138737201690674
0.150833755731582642
0.808411121368408203
1.622809529304504395
0.000000000000000000
0.034929692745208740
0.033797144889831543
0.099400430917739868
1.229378104209899902
3.060301065444946289
3.288035869598388672
2.291766405105590820
0.812606275081634521
0.000000000000000000
0.000000000000000000
0.155590176582336426
0.356000542640686035
0.479422420263290405
0.535181403160095215
0.558824181556701660
0.567836582660675049
0.570182144641876221
0.566735565662384033
0.554289340972900391
0.517150938510894775
0.440375417470932007
0.324759542942047119
0.164054304361343384
0.252116948366165161
1.267253637313842773
2.151978969573974609
1.649127125740051270
0.000000000000000000
0.000000000000000000
0.059385478496551514
0.335001170635223389
0.000000000000000000
0.665915668010711670
1.848390221595764160
2.369412899017333984
1.761322975158691406
0.000000000000000000
0.000000000000000000
0.125167101621627808
0.319569647312164307
0.462010890245437622
0.531291186809539795
0.557708859443664551
0.567359209060668945
0.569850921630859375
0.565676689147949219
0.551454901695251465
0.511766254901885986
0.430243432521820068
0.301970809698104858
0.116020798683166504
0.379354536533355713
1.709459543228149414
1.758838891983032227
1.672100067138671875
0.636262357234954834
0.000000000000000000
0.000000000000000000
0.418083876371383667
0.000000000000000000
0.240516752004623413
0.467904150485992432
0.812421798706054688
2.076149702072143555
0.163146793842315674
0.000000000000000000
0.143387407064437866
0.316234886646270752
0.457012355327606201
0.529223740100860596
0.556353628635406494
0.566177606582641602
0.567711472511291504
0.560645341873168945
0.541805088520050049
0.497198998928070068
0.409897238016128540
0.263727307319641113
0.050762832164764404
0.507712066173553467
1.770019650459289551
0.889329791069030762
2.667657136917114258
2.086526870727539063
0.065758526325225830
0.000000000000000000
0.000000000000000000
0.000000000000000000
0.781473040580749512
0.453705191612243652
0.084086775779724121
1.871814250946044922
0.135124951601028442
0.000000000000000000
0.181199014186859131
0.337807029485702515
0.463199585676193237
0.530531406402587891
0.556115627288818359
0.565597176551818848
0.562865495681762695
0.548800468444824219
0.522662818431854248
0.467791259288787842
0.370167434215545654
0.214010506868362427
0.011962771415710449
0.472949922084808350
1.739914655685424805
0.527812659740447998
2.532720088958740234
2.935780048370361328
1.452852249145507813
0.000000000000000000
0.000000000000000000
0.000000000000000000
0.695309281349182129
0.930518507957458496
0.223045855760574341
1.321179270744323730
0.070160865783691406
0.049291849136352539
0.230354309082031250
0.364796340465545654
0.472899138927459717
0.532311201095581055
0.556045711040496826
0.565496504306793213
0.558378458023071289
0.536304235458374023
0.499584138393402100
0.432734727859497070
0.322929739952087402
0.166384428739547729
0.000000000000000000
0.024362385272979736
1.744268059730529785
0.488862067461013794
1.901313066482543945
2.615528821945190430
3.084429264068603516
1.224882125854492188
0.000000000000000000
0.000000000000000000
1.143653988838195801
1.410755991935729980
0.126046508550643921
1.160987138748168945
0.016411066055297852
0.098968774080276489
0.270353704690933228
0.390677809715270996
0.484471917152404785
0.535875618457794189
0.556001126766204834
0.563755512237548828
0.554850220680236816
0.524358034133911133
0.475697070360183716
0.394810467958450317
0.273841857910156250
0.124615401029586792
0.000000000000000000
0.000000000000000000
1.025349736213684082
0.210645914077758789
0.993109047412872314
1.517173767089843750
3.625428676605224609
3.241238355636596680
2.345820903778076172
1.543343067169189453
2.496204853057861328
1.163319468498229980
0.431214630603790283
0.725169599056243896
0.000000000000000000
0.128979921340942383
0.294016659259796143
0.405939102172851563
0.490106999874114990
0.537054359912872314
0.557288527488708496
0.564240634441375732
0.549529910087585449
0.511721432209014893
0.454260587692260742
0.362329959869384766
0.225811362266540527
0.070275127887725830
0.000000000000000000
0.000000000000000000
0.321422457695007324
0.522854030132293701
0.293708384037017822
0.637812614440917969
2.242305278778076172
2.916374444961547852
3.486732721328735352
4.149413585662841797
4.204562187194824219
1.371583700180053711
0.796033740043640137
0.287068128585815430
0.000000000000000000
0.163633346557617188
0.314580649137496948
0.415727972984313965
0.493432700634002686
0.537098705768585205
0.558127880096435547
0.565873801708221436
0.547088444232940674
0.504700422286987305
0.440219640731811523
0.347504675388336182
0.202603310346603394
0.030052125453948975
0.000000000000000000
0.000000000000000000
0.000000000000000000
0.142490714788436890
0.626355767250061035
0.000000000000000000
0.348982304334640503
0.967017650604248047
1.465828657150268555
2.862869739532470703
2.626986742019653320
0.582096278667449951
0.748299002647399902
0.140090078115463257
0.013771474361419678
0.193312287330627441
0.328964054584503174
0.428329765796661377
0.500268697738647461
0.541006743907928467
0.558303952217102051
0.566458940505981445
0.547660470008850098
0.507518112659454346
0.443988651037216187
0.356135934591293335
0.217747926712036133
0.044985175132751465
0.000000000000000000
0.000000000000000000
0.000000000000000000
0.000000000000000000
0.304436922073364258
0.000000000000000000
0.000000000000000000
0.000000000000000000
0.039812207221984863
0.000000000000000000
0.000000000000000000
0.000000000000000000
0.163436412811279297
0.000000000000000000
0.057538509368896484
0.218600481748580933
0.351193666458129883
0.446940273046493530
0.511228203773498535
0.545746207237243652
0.560186147689819336
0.567221701145172119
0.550206482410430908
0.515029430389404297
0.458985418081283569
0.383159577846527100
0.262162536382675171
0.105705857276916504
0.000000000000000000
0.000000000000000000
0.000000000000000000
0.000000000000000000
0.000000000000000000
0.000000000000000000
0.000000000000000000
0.000000000000000000
0.000000000000000000
0.000000000000000000
0.000000000000000000
0.000000000000000000
0.000000000000000000
0.000000000000000000
0.099318712949752808
0.258268594741821289
0.382368445396423340
0.468764394521713257
0.522478640079498291
0.551617085933685303
0.563861787319183350
0.569191694259643555
0.554148852825164795
0.526316523551940918
0.480873316526412964
0.417322874069213867
0.327181637287139893
0.194334626197814941
0.032923579216003418
0.000000000000000000
0.000000000000000000
0.000000000000000000
0.000000000000000000
0.000000000000000000
0.000000000000000000
0.000000000000000000
0.000000000000000000
0.000000000000000000
0.000000000000000000
0.000000000000000000
0.000000000000000000
0.000000000000000000
0.174426645040512085
0.324256896972656250
0.431915432214736938
0.498107343912124634
0.539457798004150391
0.560729861259460449
0.567503809928894043
0.570331692695617676
0.558478116989135742
0.538812518119812012
0.504620194435119629
0.458427935838699341
0.396172881126403809
0.299805879592895508
0.159052193164825439
0.000000000000000000
0.000000000000000000
0.000000000000000000
0.000000000000000000
0.000000000000000000
0.000000000000000000
0.000000000000000000
0.000000000000000000
0.000000000000000000
0.000000000000000000
0.000000000000000000
0.000000000000000000
0.125383526086807251
0.286151051521301270
0.407812178134918213
0.482422828674316406
0.528684079647064209
0.553818583488464355
0.566004753112792969
0.569251120090484619
0.570758044719696045
0.563711404800415039
0.553789615631103516
0.532105803489685059
0.496360331773757935
0.453186422586441040
0.394966483116149902
0.303608536720275879
0.167735517024993896
0.022232115268707275
0.000000000000000000
0.000000000000000000
0.000000000000000000
0.000000000000000000
0.000000000000000000
0.000000000000000000
0.000000000000000000
0.000000000000000000
0.000000000000000000
0.129540294408798218
0.275965392589569092
0.399877548217773438
0.477646678686141968
0.524605453014373779
0.549807071685791016
0.562238574028015137
0.568524777889251709
0.570234775543212891
0.571010053157806396
0.564933359622955322
0.560909152030944824
0.552161455154418945
0.530721247196197510
0.497031211853027344
0.453918814659118652
0.402838468551635742
0.338511079549789429
0.239056199789047241
0.129619777202606201
0.016080617904663086
0.000000000000000000
0.000000000000000000
0.000000000000000000
0.000000000000000000
0.000000000000000000
0.060247600078582764
0.192315191030502319
0.309655725955963135
0.408520281314849854
0.481930553913116455
0.525289833545684814
0.549830615520477295
0.560884356498718262
0.567004859447479248
0.569825768470764160
0.570646822452545166
0.571159303188323975
0.568197667598724365
0.565341174602508545
0.561084210872650146
0.552464783191680908
0.532897591590881348
0.499682903289794922
0.462252289056777954
0.429381519556045532
0.386057674884796143
0.328386723995208740
0.263058513402938843
0.206844002008438110
0.169330418109893799
0.158094227313995361
0.180367857217788696
0.231270492076873779
0.300754427909851074
0.379045635461807251
0.440746337175369263
0.494925230741500854
0.529121279716491699
0.549052596092224121
0.560174763202667236
0.566286504268646240
0.568937301635742188
0.570614218711853027
0.571089208126068115
0.571217060089111328
0.569674968719482422
0.568784356117248535
0.566012024879455566
0.562898516654968262
0.555347025394439697
0.541609346866607666
0.519390940666198730
0.492756813764572144
0.464577257633209229
0.435691237449645996
0.408820182085037231
0.387323766946792603
0.372591674327850342
0.371781647205352783
0.387492477893829346
0.420146673917770386
0.451505273580551147
0.485373139381408691
0.515393018722534180
0.539378225803375244
0.552758157253265381
0.561905503273010254
0.567535758018493652
0.569806098937988281
0.570552229881286621
0.571140050888061523
0.571212172508239746
0.571247458457946777
0.570877194404602051
0.570148408412933350
0.569206953048706055
0.566838443279266357
0.564493060111999512
0.560696959495544434
0.551031291484832764
0.537356257438659668
0.519806504249572754
0.503076672554016113
0.488601952791213989
0.478982150554656982
0.475049316883087158
0.480858087539672852
0.492544680833816528
0.509317040443420410
0.519973933696746826
0.537488281726837158
0.549568116664886475
0.560421526432037354
0.564436852931976318
0.568452477455139160
0.570529162883758545
0.570807754993438721
0.571056425571441650
0.571184694766998291
0.571251928806304932
0.571262121200561523
0.571214437484741211
0.570919632911682129
0.570521593093872070
0.569361150264739990
0.568286776542663574
0.566874921321868896
0.565485775470733643
0.564310610294342041
0.561317324638366699
0.557019352912902832
0.556037902832031250
0.556415498256683350
0.555396795272827148
0.557286024093627930
0.563715636730194092
0.564467370510101318
0.566226720809936523
0.569365441799163818
0.569351911544799805
0.569607913494110107
0.569514751434326172
0.570889413356781006
0.571105301380157471
0.571085929870605469
0.571221113204956055
0.571252882480621338
0.571265816688537598
0.571267843246459961
