0.000000000000000000
0.000000000000000000
0.000000000000000000
0.000000000000000000
0.000000000000000000
0.000000000000000000
0.000000000000000000
0.000000000000000000
0.000000000000000000
0.000000000000000000
0.000000000000000000
0.000000000000000000
0.000000000000000000
0.000000000000000000
0.000000000000000000
0.571267843246459961
0.571267843246459961
0.571267843246459961
0.571267843246459961
0.569855093955993652
0.563800513744354248
0.556602835655212402
0.552057147026062012
0.558779537677764893
0.566666781902313232
0.569881200790405273
0.571226358413696289
0.571267843246459961
0.000000000000000000
0.571267843246459961
0.571267843246459961
0.570942461490631104
0.566227316856384277
0.542087554931640625
0.478676170110702515
0.379163980484008789
0.339748084545135498
0.432770520448684692
0.518378257751464844
0.553903937339782715
0.568633854389190674
0.571102559566497803
0.000000000000000000
0.571267843246459961
0.571152210235595703
0.567458570003509521
0.526560366153717041
0.343351244926452637
0.075368493795394897
0.149753868579864502
0.000000000000000000
0.000000000000000000
0.227207481861114502
0.470009356737136841
0.546220421791076660
0.567274987697601318
0.000000000000000000
0.571227550506591797
0.568830072879791260
0.541291952133178711
0.359783858060836792
0.000000000000000000
1.735695004463195801
2.369025707244873047
2.137106418609619141
0.717290103435516357
0.000000000000000000
0.239815890789031982
0.488987624645233154
0.558824062347412109
0.000000000000000000
0.571062207221984863
0.563689589500427246
0.479128330945968628
0.210449218750000000
0.808411121368408203
1.622809529304504395
0.034929692745208740
2.758481502532958984
3.288035869598388672
2.291766405105590820
0.000000000000000000
0.401919245719909668
0.542383432388305664
0.000000000000000000
0.570182144641876221
0.554289340972900391
0.440375417470932007
0.379354536533355713
2.151978969573974609
1.672100067138671875
0.059385478496551514
0.418083876371383667
1.848390221595764160
2.369412899017333984
0.163146793842315674
0.319569647312164307
0.531291186809539795
0.000000000000000000
0.567711472511291504
0.541805088520050049
0.409897238016128540
0.507712066173553467
1.770019650459289551
2.935780048370361328
1.452852249145507813
0.000000000000000000
0.930518507957458496
1.871814250946044922
0.135124951601028442
0.364796340465545654
0.532311201095581055
0.000000000000000000
0.558378458023071289
0.499584138393402100
0.322929739952087402
0.024362385272979736
1.744268059730529785
2.615528821945190430
3.625428676605224609
2.345820903778076172
2.496204853057861328
1.160987138748168945
0.128979921340942383
0.405939102172851563
0.537054359912872314
0.000000000000000000
0.549529910087585449
0.454260587692260742
0.225811362266540527
0.000000000000000000
0.522854030132293701
0.637812614440917969
2.916374444961547852
4.149413585662841797
4.204562187194824219
0.796033740043640137
0.193312287330627441
0.428329765796661377
0.541006743907928467
0.000000000000000000
0.550206482410430908
0.458985418081283569
0.262162536382675171
0.000000000000000000
0.000000000000000000
0.304436922073364258
0.000000000000000000
0.039812207221984863
0.000000000000000000
0.163436412811279297
0.258268594741821289
0.468764394521713257
0.551617085933685303
0.000000000000000000
0.558478116989135742
0.504620194435119629
0.396172881126403809
0.159052193164825439
0.000000000000000000
0.000000000000000000
0.000000000000000000
0.000000000000000000
0.000000000000000000
0.125383526086807251
0.407812178134918213
0.528684079647064209
0.566004753112792969
0.000000000000000000
0.564933359622955322
0.552161455154418945
0.497031211853027344
0.402838468551635742
0.239056199789047241
0.016080617904663086
0.000000000000000000
0.000000000000000000
0.192315191030502319
0.408520281314849854
0.525289833545684814
0.560884356498718262
0.569825768470764160
0.000000000000000000
0.569674968719482422
0.566012024879455566
0.555347025394439697
0.519390940666198730
0.464577257633209229
0.408820182085037231
0.372591674327850342
0.420146673917770386
0.485373139381408691
0.539378225803375244
0.561905503273010254
0.569806098937988281
0.571140050888061523
0.000000000000000000
0.000000000000000000
0.000000000000000000
0.000000000000000000
0.000000000000000000
0.000000000000000000
0.000000000000000000
0.000000000000000000
0.000000000000000000
0.000000000000000000
0.000000000000000000
0.000000000000000000
0.000000000000000000
0.000000000000000000
0.571267843246459961
0.571267843246459961
0.571267843246459961
0.571267843246459961
0.569855093955993652
0.563800513744354248
0.556602835655212402
0.552057147026062012
0.558779537677764893
0.566666781902313232
0.569881200790405273
0.571226358413696289
0.571267843246459961
0.571267843246459961
0.571267843246459961
0.571267843246459961
0.570942461490631104
0.566227316856384277
0.542087554931640625
0.478676170110702515
0.379163980484008789
0.339748084545135498
0.432770520448684692
0.518378257751464844
0.553903937339782715
0.568633854389190674
0.571102559566497803
0.571267843246459961
0.571267843246459961
0.571152210235595703
0.567458570003509521
0.526560366153717041
0.343351244926452637
0.075368493795394897
0.149753868579864502
0.000000000000000000
0.000000000000000000
0.227207481861114502
0.470009356737136841
0.546220421791076660
0.567274987697601318
0.571060836315155029
0.571227550506591797
0.568830072879791260
0.541291952133178711
0.359783858060836792
0.000000000000000000
1.735695004463195801
2.369025707244873047
2.137106418609619141
0.717290103435516357
0.000000000000000000
0.239815890789031982
0.488987624645233154
0.558824062347412109
0.569944560527801514
0.571062207221984863
0.563689589500427246
0.479128330945968628
0.210449218750000000
0.808411121368408203
1.622809529304504395
0.034929692745208740
2.758481502532958984
3.288035869598388672
2.291766405105590820
0.000000000000000000
0.401919245719909668
0.542383432388305664
0.568106889724731445
0.570182144641876221
0.554289340972900391
0.440375417470932007
0.379354536533355713
2.151978969573974609
1.672100067138671875
0.059385478496551514
0.418083876371383667
1.848390221595764160
2.369412899017333984
0.163146793842315674
0.319569647312164307
0.531291186809539795
0.567359209060668945
0.567711472511291504
0.541805088520050049
0.409897238016128540
0.507712066173553467
1.770019650459289551
2.935780048370361328
1.452852249145507813
0.000000000000000000
0.930518507957458496
1.871814250946044922
0.135124951601028442
0.364796340465545654
0.532311201095581055
0.565597176551818848
0.558378458023071289
0.499584138393402100
0.322929739952087402
0.024362385272979736
1.744268059730529785
2.615528821945190430
3.625428676605224609
2.345820903778076172
2.496204853057861328
1.160987138748168945
0.128979921340942383
0.405939102172851563
0.537054359912872314
0.564240634441375732
0.549529910087585449
0.454260587692260742
0.225811362266540527
0.000000000000000000
0.522854030132293701
0.637812614440917969
2.916374444961547852
4.149413585662841797
4.204562187194824219
0.796033740043640137
0.193312287330627441
0.428329765796661377
0.541006743907928467
0.566458940505981445
0.550206482410430908
0.458985418081283569
0.262162536382675171
0.000000000000000000
0.000000000000000000
0.304436922073364258
0.000000000000000000
0.039812207221984863
0.000000000000000000
0.163436412811279297
0.258268594741821289
0.468764394521713257
0.551617085933685303
0.569191694259643555
0.558478116989135742
0.504620194435119629
0.396172881126403809
0.159052193164825439
0.000000000000000000
0.000000000000000000
0.000000000000000000
0.000000000000000000
0.000000000000000000
0.125383526086807251
0.407812178134918213
0.528684079647064209
0.566004753112792969
0.570758044719696045
0.564933359622955322
0.552161455154418945
0.497031211853027344
0.402838468551635742
0.239056199789047241
0.016080617904663086
0.000000000000000000
0.000000000000000000
0.192315191030502319
0.408520281314849854
0.525289833545684814
0.560884356498718262
0.569825768470764160
0.571159303188323975
0.569674968719482422
0.566012024879455566
0.555347025394439697
0.519390940666198730
0.464577257633209229
0.408820182085037231
0.372591674327850342
0.420146673917770386
0.485373139381408691
0.539378225803375244
0.561905503273010254
0.569806098937988281
0.571140050888061523
0.571247458457946777
0.000000000000000000
0.000000000000000000
0.000000000000000000
0.000000000000000000
0.000000000000000000
0.000000000000000000
0.000000000000000000
0.000000000000000000
0.000000000000000000
0.000000000000000000
0.000000000000000000
0.000000000000000000
0.000000000000000000
0.000000000000000000
0.571267843246459961
0.571267843246459961
0.571267843246459961
0.569855093955993652
0.563800513744354248
0.556602835655212402
0.552057147026062012
0.558779537677764893
0.566666781902313232
0.569881200790405273
0.571226358413696289
0.571267843246459961
0.571267843246459961
0.000000000000000000
0.571267843246459961
0.570942461490631104
0.566227316856384277
0.542087554931640625
0.478676170110702515
0.379163980484008789
0.339748084545135498
0.432770520448684692
0.518378257751464844
0.553903937339782715
0.568633854389190674
0.571102559566497803
0.571267843246459961
0.000000000000000000
0.571152210235595703
0.567458570003509521
0.526560366153717041
0.343351244926452637
0.075368493795394897
0.149753868579864502
0.000000000000000000
0.000000000000000000
0.227207481861114502
0.470009356737136841
0.546220421791076660
0.567274987697601318
0.571060836315155029
0.000000000000000000
0.568830072879791260
0.541291952133178711
0.359783858060836792
0.000000000000000000
1.735695004463195801
2.369025707244873047
2.137106418609619141
0.717290103435516357
0.000000000000000000
0.239815890789031982
0.488987624645233154
0.558824062347412109
0.569944560527801514
0.000000000000000000
0.563689589500427246
0.479128330945968628
0.210449218750000000
0.808411121368408203
1.622809529304504395
0.034929692745208740
2.758481502532958984
3.288035869598388672
2.291766405105590820
0.000000000000000000
0.401919245719909668
0.542383432388305664
0.568106889724731445
0.000000000000000000
0.554289340972900391
0.440375417470932007
0.379354536533355713
2.151978969573974609
1.672100067138671875
0.059385478496551514
0.418083876371383667
1.848390221595764160
2.369412899017333984
0.163146793842315674
0.319569647312164307
0.531291186809539795
0.567359209060668945
0.000000000000000000
0.541805088520050049
0.409897238016128540
0.507712066173553467
1.770019650459289551
2.935780048370361328
1.452852249145507813
0.000000000000000000
0.930518507957458496
1.871814250946044922
0.135124951601028442
0.364796340465545654
0.532311201095581055
0.565597176551818848
0.000000000000000000
0.499584138393402100
0.322929739952087402
0.024362385272979736
1.744268059730529785
2.615528821945190430
3.625428676605224609
2.345820903778076172
2.496204853057861328
1.160987138748168945
0.128979921340942383
0.405939102172851563
0.537054359912872314
0.564240634441375732
0.000000000000000000
0.454260587692260742
0.225811362266540527
0.000000000000000000
0.522854030132293701
0.637812614440917969
2.916374444961547852
4.149413585662841797
4.204562187194824219
0.796033740043640137
0.193312287330627441
0.428329765796661377
0.541006743907928467
0.566458940505981445
0.000000000000000000
0.458985418081283569
0.262162536382675171
0.000000000000000000
0.000000000000000000
0.304436922073364258
0.000000000000000000
0.039812207221984863
0.000000000000000000
0.163436412811279297
0.258268594741821289
0.468764394521713257
0.551617085933685303
0.569191694259643555
0.000000000000000000
0.504620194435119629
0.396172881126403809
0.159052193164825439
0.000000000000000000
0.000000000000000000
0.000000000000000000
0.000000000000000000
0.000000000000000000
0.125383526086807251
0.407812178134918213
0.528684079647064209
0.566004753112792969
0.570758044719696045
0.000000000000000000
0.552161455154418945
0.497031211853027344
0.402838468551635742
0.239056199789047241
0.016080617904663086
0.000000000000000000
0.000000000000000000
0.192315191030502319
0.408520281314849854
0.525289833545684814
0.560884356498718262
0.569825768470764160
0.571159303188323975
0.000000000000000000
0.566012024879455566
0.555347025394439697
0.519390940666198730
0.464577257633209229
0.408820182085037231
0.372591674327850342
0.420146673917770386
0.485373139381408691
0.539378225803375244
0.561905503273010254
0.569806098937988281
0.571140050888061523
0.571247458457946777
0.000000000000000000
0.000000000000000000
0.571267843246459961
0.571267843246459961
0.571267843246459961
0.571267843246459961
0.569855093955993652
0.563800513744354248
0.556602835655212402
0.552057147026062012
0.558779537677764893
0.566666781902313232
0.569881200790405273
0.571226358413696289
0.571267843246459961
0.000000000000000000
0.571267843246459961
0.571267843246459961
0.570942461490631104
0.566227316856384277
0.542087554931640625
0.478676170110702515
0.379163980484008789
0.339748084545135498
0.432770520448684692
0.518378257751464844
0.553903937339782715
0.568633854389190674
0.571102559566497803
0.000000000000000000
0.571267843246459961
0.571152210235595703
0.567458570003509521
0.526560366153717041
0.343351244926452637
0.075368493795394897
0.149753868579864502
0.000000000000000000
0.000000000000000000
0.227207481861114502
0.470009356737136841
0.546220421791076660
0.567274987697601318
0.000000000000000000
0.571227550506591797
0.568830072879791260
0.541291952133178711
0.359783858060836792
0.000000000000000000
1.735695004463195801
2.369025707244873047
2.137106418609619141
0.717290103435516357
0.000000000000000000
0.239815890789031982
0.488987624645233154
0.558824062347412109
0.000000000000000000
0.571062207221984863
0.563689589500427246
0.479128330945968628
0.210449218750000000
0.808411121368408203
1.622809529304504395
0.034929692745208740
2.758481502532958984
3.288035869598388672
2.291766405105590820
0.000000000000000000
0.401919245719909668
0.542383432388305664
0.000000000000000000
0.570182144641876221
0.554289340972900391
0.440375417470932007
0.379354536533355713
2.151978969573974609
1.672100067138671875
0.059385478496551514
0.418083876371383667
1.848390221595764160
2.369412899017333984
0.163146793842315674
0.319569647312164307
0.531291186809539795
0.000000000000000000
0.567711472511291504
0.541805088520050049
0.409897238016128540
0.507712066173553467
1.770019650459289551
2.935780048370361328
1.452852249145507813
0.000000000000000000
0.930518507957458496
1.871814250946044922
0.135124951601028442
0.364796340465545654
0.532311201095581055
0.000000000000000000
0.558378458023071289
0.499584138393402100
0.322929739952087402
0.024362385272979736
1.744268059730529785
2.615528821945190430
3.625428676605224609
2.345820903778076172
2.496204853057861328
1.160987138748168945
0.128979921340942383
0.405939102172851563
0.537054359912872314
0.000000000000000000
0.549529910087585449
0.454260587692260742
0.225811362266540527
0.000000000000000000
0.522854030132293701
0.637812614440917969
2.916374444961547852
4.149413585662841797
4.204562187194824219
0.796033740043640137
0.193312287330627441
0.428329765796661377
0.541006743907928467
0.000000000000000000
0.550206482410430908
0.458985418081283569
0.262162536382675171
0.000000000000000000
0.000000000000000000
0.304436922073364258
0.000000000000000000
0.039812207221984863
0.000000000000000000
0.163436412811279297
0.258268594741821289
0.468764394521713257
0.551617085933685303
0.000000000000000000
0.558478116989135742
0.504620194435119629
0.396172881126403809
0.159052193164825439
0.000000000000000000
0.000000000000000000
0.000000000000000000
0.000000000000000000
0.000000000000000000
0.125383526086807251
0.407812178134918213
0.528684079647064209
0.566004753112792969
0.000000000000000000
0.564933359622955322
0.552161455154418945
0.497031211853027344
0.402838468551635742
0.239056199789047241
0.016080617904663086
0.000000000000000000
0.000000000000000000
0.192315191030502319
0.408520281314849854
0.525289833545684814
0.560884356498718262
0.569825768470764160
0.000000000000000000
0.569674968719482422
0.566012024879455566
0.555347025394439697
0.519390940666198730
0.464577257633209229
0.408820182085037231
0.372591674327850342
0.420146673917770386
0.485373139381408691
0.539378225803375244
0.561905503273010254
0.569806098937988281
0.571140050888061523
0.000000000000000000
0.571214437484741211
0.570521593093872070
0.568286776542663574
0.565485775470733643
0.561317324638366699
0.556415498256683350
0.557286024093627930
0.564467370510101318
0.569365441799163818
0.569607913494110107
0.570889413356781006
0.571105301380157471
0.571252882480621338
0.571267843246459961
0.571267843246459961
0.571267843246459961
0.571267843246459961
0.569855093955993652
0.563800513744354248
0.556602835655212402
0.552057147026062012
0.558779537677764893
0.566666781902313232
0.569881200790405273
0.571226358413696289
0.571267843246459961
0.571267843246459961
0.571267843246459961
0.571267843246459961
0.570942461490631104
0.566227316856384277
0.542087554931640625
0.478676170110702515
0.379163980484008789
0.339748084545135498
0.432770520448684692
0.518378257751464844
0.553903937339782715
0.568633854389190674
0.571102559566497803
0.571267843246459961
0.571267843246459961
0.571152210235595703
0.567458570003509521
0.526560366153717041
0.343351244926452637
0.075368493795394897
0.149753868579864502
0.000000000000000000
0.000000000000000000
0.227207481861114502
0.470009356737136841
0.546220421791076660
0.567274987697601318
0.571060836315155029
0.571227550506591797
0.568830072879791260
0.541291952133178711
0.359783858060836792
0.000000000000000000
1.735695004463195801
2.369025707244873047
2.137106418609619141
0.717290103435516357
0.000000000000000000
0.239815890789031982
0.488987624645233154
0.558824062347412109
0.569944560527801514
0.571062207221984863
0.563689589500427246
0.479128330945968628
0.210449218750000000
0.808411121368408203
1.622809529304504395
0.034929692745208740
2.758481502532958984
3.288035869598388672
2.291766405105590820
0.000000000000000000
0.401919245719909668
0.542383432388305664
0.568106889724731445
0.570182144641876221
0.554289340972900391
0.440375417470932007
0.379354536533355713
2.151978969573974609
1.672100067138671875
0.059385478496551514
0.418083876371383667
1.848390221595764160
2.369412899017333984
0.163146793842315674
0.319569647312164307
0.531291186809539795
0.567359209060668945
0.567711472511291504
0.541805088520050049
0.409897238016128540
0.507712066173553467
1.770019650459289551
2.935780048370361328
1.452852249145507813
0.000000000000000000
0.930518507957458496
1.871814250946044922
0.135124951601028442
0.364796340465545654
0.532311201095581055
0.565597176551818848
0.558378458023071289
0.499584138393402100
0.322929739952087402
0.024362385272979736
1.744268059730529785
2.615528821945190430
3.625428676605224609
2.345820903778076172
2.496204853057861328
1.160987138748168945
0.128979921340942383
0.405939102172851563
0.537054359912872314
0.564240634441375732
0.549529910087585449
0.454260587692260742
0.225811362266540527
0.000000000000000000
0.522854030132293701
0.637812614440917969
2.916374444961547852
4.149413585662841797
4.204562187194824219
0.796033740043640137
0.193312287330627441
0.428329765796661377
0.541006743907928467
0.566458940505981445
0.550206482410430908
0.458985418081283569
0.262162536382675171
0.000000000000000000
0.000000000000000000
0.304436922073364258
0.000000000000000000
0.039812207221984863
0.000000000000000000
0.163436412811279297
0.258268594741821289
0.468764394521713257
0.551617085933685303
0.569191694259643555
0.558478116989135742
0.504620194435119629
0.396172881126403809
0.159052193164825439
0.000000000000000000
0.000000000000000000
0.000000000000000000
0.000000000000000000
0.000000000000000000
0.125383526086807251
0.407812178134918213
0.528684079647064209
0.566004753112792969
0.570758044719696045
0.564933359622955322
0.552161455154418945
0.497031211853027344
0.402838468551635742
0.239056199789047241
0.016080617904663086
0.000000000000000000
0.000000000000000000
0.192315191030502319
0.408520281314849854
0.525289833545684814
0.560884356498718262
0.569825768470764160
0.571159303188323975
0.569674968719482422
0.566012024879455566
0.555347025394439697
0.519390940666198730
0.464577257633209229
0.408820182085037231
0.372591674327850342
0.420146673917770386
0.485373139381408691
0.539378225803375244
0.561905503273010254
0.569806098937988281
0.571140050888061523
0.571247458457946777
0.571214437484741211
0.570521593093872070
0.568286776542663574
0.565485775470733643
0.561317324638366699
0.556415498256683350
0.557286024093627930
0.564467370510101318
0.569365441799163818
0.569607913494110107
0.570889413356781006
0.571105301380157471
0.571252882480621338
0.571267843246459961
0.571267843246459961
0.571267843246459961
0.571267843246459961
0.569855093955993652
0.563800513744354248
0.556602835655212402
0.552057147026062012
0.558779537677764893
0.566666781902313232
0.569881200790405273
0.571226358413696289
0.571267843246459961
0.571267843246459961
0.000000000000000000
0.571267843246459961
0.570942461490631104
0.566227316856384277
0.542087554931640625
0.478676170110702515
0.379163980484008789
0.339748084545135498
0.432770520448684692
0.518378257751464844
0.553903937339782715
0.568633854389190674
0.571102559566497803
0.571267843246459961
0.000000000000000000
0.571152210235595703
0.567458570003509521
0.526560366153717041
0.343351244926452637
0.075368493795394897
0.149753868579864502
0.000000000000000000
0.000000000000000000
0.227207481861114502
0.470009356737136841
0.546220421791076660
0.567274987697601318
0.571060836315155029
0.000000000000000000
0.568830072879791260
0.541291952133178711
0.359783858060836792
0.000000000000000000
1.735695004463195801
2.369025707244873047
2.137106418609619141
0.717290103435516357
0.000000000000000000
0.239815890789031982
0.488987624645233154
0.558824062347412109
0.569944560527801514
0.000000000000000000
0.563689589500427246
0.479128330945968628
0.210449218750000000
0.808411121368408203
1.622809529304504395
0.034929692745208740
2.758481502532958984
3.288035869598388672
2.291766405105590820
0.000000000000000000
0.401919245719909668
0.542383432388305664
0.568106889724731445
0.000000000000000000
0.554289340972900391
0.440375417470932007
0.379354536533355713
2.151978969573974609
1.672100067138671875
0.059385478496551514
0.418083876371383667
1.848390221595764160
2.369412899017333984
0.163146793842315674
0.319569647312164307
0.531291186809539795
0.567359209060668945
0.000000000000000000
0.541805088520050049
0.409897238016128540
0.507712066173553467
1.770019650459289551
2.935780048370361328
1.452852249145507813
0.000000000000000000
0.930518507957458496
1.871814250946044922
0.135124951601028442
0.364796340465545654
0.532311201095581055
0.565597176551818848
0.000000000000000000
0.499584138393402100
0.322929739952087402
0.024362385272979736
1.744268059730529785
2.615528821945190430
3.625428676605224609
2.345820903778076172
2.496204853057861328
1.160987138748168945
0.128979921340942383
0.405939102172851563
0.537054359912872314
0.564240634441375732
0.000000000000000000
0.454260587692260742
0.225811362266540527
0.000000000000000000
0.522854030132293701
0.637812614440917969
2.916374444961547852
4.149413585662841797
4.204562187194824219
0.796033740043640137
0.193312287330627441
0.428329765796661377
0.541006743907928467
0.566458940505981445
0.000000000000000000
0.458985418081283569
0.262162536382675171
0.000000000000000000
0.000000000000000000
0.304436922073364258
0.000000000000000000
0.039812207221984863
0.000000000000000000
0.163436412811279297
0.258268594741821289
0.468764394521713257
0.551617085933685303
0.569191694259643555
0.000000000000000000
0.504620194435119629
0.396172881126403809
0.159052193164825439
0.000000000000000000
0.000000000000000000
0.000000000000000000
0.000000000000000000
0.000000000000000000
0.125383526086807251
0.407812178134918213
0.528684079647064209
0.566004753112792969
0.570758044719696045
0.000000000000000000
0.552161455154418945
0.497031211853027344
0.402838468551635742
0.239056199789047241
0.016080617904663086
0.000000000000000000
0.000000000000000000
0.192315191030502319
0.408520281314849854
0.525289833545684814
0.560884356498718262
0.569825768470764160
0.571159303188323975
0.000000000000000000
0.566012024879455566
0.555347025394439697
0.519390940666198730
0.464577257633209229
0.408820182085037231
0.372591674327850342
0.420146673917770386
0.485373139381408691
0.539378225803375244
0.561905503273010254
0.569806098937988281
0.571140050888061523
0.571247458457946777
0.000000000000000000
0.570521593093872070
0.568286776542663574
0.565485775470733643
0.561317324638366699
0.556415498256683350
0.557286024093627930
0.564467370510101318
0.569365441799163818
0.569607913494110107
0.570889413356781006
0.571105301380157471
0.571252882480621338
0.571267843246459961
0.000000000000000000
0.000000000000000000
0.571267843246459961
0.571267843246459961
0.570942461490631104
0.566227316856384277
0.542087554931640625
0.478676170110702515
0.379163980484008789
0.339748084545135498
0.432770520448684692
0.518378257751464844
0.553903937339782715
0.568633854389190674
0.571102559566497803
0.000000000000000000
0.571267843246459961
0.571152210235595703
0.567458570003509521
0.526560366153717041
0.343351244926452637
0.075368493795394897
0.149753868579864502
0.000000000000000000
0.000000000000000000
0.227207481861114502
0.470009356737136841
0.546220421791076660
0.567274987697601318
0.000000000000000000
0.571227550506591797
0.568830072879791260
0.541291952133178711
0.359783858060836792
0.000000000000000000
1.735695004463195801
2.369025707244873047
2.137106418609619141
0.717290103435516357
0.000000000000000000
0.239815890789031982
0.488987624645233154
0.558824062347412109
0.000000000000000000
0.571062207221984863
0.563689589500427246
0.479128330945968628
0.210449218750000000
0.808411121368408203
1.622809529304504395
0.034929692745208740
2.758481502532958984
3.288035869598388672
2.291766405105590820
0.000000000000000000
0.401919245719909668
0.542383432388305664
0.000000000000000000
0.570182144641876221
0.554289340972900391
0.440375417470932007
0.379354536533355713
2.151978969573974609
1.672100067138671875
0.059385478496551514
0.418083876371383667
1.848390221595764160
2.369412899017333984
0.163146793842315674
0.319569647312164307
0.531291186809539795
0.000000000000000000
0.567711472511291504
0.541805088520050049
0.409897238016128540
0.507712066173553467
1.770019650459289551
2.935780048370361328
1.452852249145507813
0.000000000000000000
0.930518507957458496
1.871814250946044922
0.135124951601028442
0.364796340465545654
0.532311201095581055
0.000000000000000000
0.558378458023071289
0.499584138393402100
0.322929739952087402
0.024362385272979736
1.744268059730529785
2.615528821945190430
3.625428676605224609
2.345820903778076172
2.496204853057861328
1.160987138748168945
0.128979921340942383
0.405939102172851563
0.537054359912872314
0.000000000000000000
0.549529910087585449
0.454260587692260742
0.225811362266540527
0.000000000000000000
0.522854030132293701
0.637812614440917969
2.916374444961547852
4.149413585662841797
4.204562187194824219
0.796033740043640137
0.193312287330627441
0.428329765796661377
0.541006743907928467
0.000000000000000000
0.550206482410430908
0.458985418081283569
0.262162536382675171
0.000000000000000000
0.000000000000000000
0.304436922073364258
0.000000000000000000
0.039812207221984863
0.000000000000000000
0.163436412811279297
0.258268594741821289
0.468764394521713257
0.551617085933685303
0.000000000000000000
0.558478116989135742
0.504620194435119629
0.396172881126403809
0.159052193164825439
0.000000000000000000
0.000000000000000000
0.000000000000000000
0.000000000000000000
0.000000000000000000
0.125383526086807251
0.407812178134918213
0.528684079647064209
0.566004753112792969
0.000000000000000000
0.564933359622955322
0.552161455154418945
0.497031211853027344
0.402838468551635742
0.239056199789047241
0.016080617904663086
0.000000000000000000
0.000000000000000000
0.192315191030502319
0.408520281314849854
0.525289833545684814
0.560884356498718262
0.569825768470764160
0.000000000000000000
0.569674968719482422
0.566012024879455566
0.555347025394439697
0.519390940666198730
0.464577257633209229
0.408820182085037231
0.372591674327850342
0.420146673917770386
0.485373139381408691
0.539378225803375244
0.561905503273010254
0.569806098937988281
0.571140050888061523
0.000000000000000000
0.571214437484741211
0.570521593093872070
0.568286776542663574
0.565485775470733643
0.561317324638366699
0.556415498256683350
0.557286024093627930
0.564467370510101318
0.569365441799163818
0.569607913494110107
0.570889413356781006
0.571105301380157471
0.571252882480621338
0.000000000000000000
0.000000000000000000
0.000000000000000000
0.000000000000000000
0.000000000000000000
0.000000000000000000
0.000000000000000000
0.000000000000000000
0.000000000000000000
0.000000000000000000
0.000000000000000000
0.000000000000000000
0.000000000000000000
0.000000000000000000
0.571267843246459961
0.571267843246459961
0.570942461490631104
0.566227316856384277
0.542087554931640625
0.478676170110702515
0.379163980484008789
0.339748084545135498
0.432770520448684692
0.518378257751464844
0.553903937339782715
0.568633854389190674
0.571102559566497803
0.571267843246459961
0.571267843246459961
0.571152210235595703
0.567458570003509521
0.526560366153717041
0.343351244926452637
0.075368493795394897
0.149753868579864502
0.000000000000000000
0.000000000000000000
0.227207481861114502
0.470009356737136841
0.546220421791076660
0.567274987697601318
0.571060836315155029
0.571227550506591797
0.568830072879791260
0.541291952133178711
0.359783858060836792
0.000000000000000000
1.735695004463195801
2.369025707244873047
2.137106418609619141
0.717290103435516357
0.000000000000000000
0.239815890789031982
0.488987624645233154
0.558824062347412109
0.569944560527801514
0.571062207221984863
0.563689589500427246
0.479128330945968628
0.210449218750000000
0.808411121368408203
1.622809529304504395
0.034929692745208740
2.758481502532958984
3.288035869598388672
2.291766405105590820
0.000000000000000000
0.401919245719909668
0.542383432388305664
0.568106889724731445
0.570182144641876221
0.554289340972900391
0.440375417470932007
0.379354536533355713
2.151978969573974609
1.672100067138671875
0.059385478496551514
0.418083876371383667
1.848390221595764160
2.369412899017333984
0.163146793842315674
0.319569647312164307
0.531291186809539795
0.567359209060668945
0.567711472511291504
0.541805088520050049
0.409897238016128540
0.507712066173553467
1.770019650459289551
2.935780048370361328
1.452852249145507813
0.000000000000000000
0.930518507957458496
1.871814250946044922
0.135124951601028442
0.364796340465545654
0.532311201095581055
0.565597176551818848
0.558378458023071289
0.499584138393402100
0.322929739952087402
0.024362385272979736
1.744268059730529785
2.615528821945190430
3.625428676605224609
2.345820903778076172
2.496204853057861328
1.160987138748168945
0.128979921340942383
0.405939102172851563
0.537054359912872314
0.564240634441375732
0.549529910087585449
0.454260587692260742
0.225811362266540527
0.000000000000000000
0.522854030132293701
0.637812614440917969
2.916374444961547852
4.149413585662841797
4.204562187194824219
0.796033740043640137
0.193312287330627441
0.428329765796661377
0.541006743907928467
0.566458940505981445
0.550206482410430908
0.458985418081283569
0.262162536382675171
0.000000000000000000
0.000000000000000000
0.304436922073364258
0.000000000000000000
0.039812207221984863
0.000000000000000000
0.163436412811279297
0.258268594741821289
0.468764394521713257
0.551617085933685303
0.569191694259643555
0.558478116989135742
0.504620194435119629
0.396172881126403809
0.159052193164825439
0.000000000000000000
0.000000000000000000
0.000000000000000000
0.000000000000000000
0.000000000000000000
0.125383526086807251
0.407812178134918213
0.528684079647064209
0.566004753112792969
0.570758044719696045
0.564933359622955322
0.552161455154418945
0.497031211853027344
0.402838468551635742
0.239056199789047241
0.016080617904663086
0.000000000000000000
0.000000000000000000
0.192315191030502319
0.408520281314849854
0.525289833545684814
0.560884356498718262
0.569825768470764160
0.571159303188323975
0.569674968719482422
0.566012024879455566
0.555347025394439697
0.519390940666198730
0.464577257633209229
0.408820182085037231
0.372591674327850342
0.420146673917770386
0.485373139381408691
0.539378225803375244
0.561905503273010254
0.569806098937988281
0.571140050888061523
0.571247458457946777
0.571214437484741211
0.570521593093872070
0.568286776542663574
0.565485775470733643
0.561317324638366699
0.556415498256683350
0.557286024093627930
0.564467370510101318
0.569365441799163818
0.569607913494110107
0.570889413356781006
0.571105301380157471
0.571252882480621338
0.571267843246459961
0.000000000000000000
0.000000000000000000
0.000000000000000000
0.000000000000000000
0.000000000000000000
0.000000000000000000
0.000000000000000000
0.000000000000000000
0.000000000000000000
0.000000000000000000
0.000000000000000000
0.000000000000000000
0.000000000000000000
0.000000000000000000
0.571267843246459961
0.570942461490631104
0.566227316856384277
0.542087554931640625
0.478676170110702515
0.379163980484008789
0.339748084545135498
0.432770520448684692
0.518378257751464844
0.553903937339782715
0.568633854389190674
0.571102559566497803
0.571267843246459961
0.000000000000000000
0.571152210235595703
0.567458570003509521
0.526560366153717041
0.343351244926452637
0.075368493795394897
0.149753868579864502
0.000000000000000000
0.000000000000000000
0.227207481861114502
0.470009356737136841
0.546220421791076660
0.567274987697601318
0.571060836315155029
0.000000000000000000
0.568830072879791260
0.541291952133178711
0.359783858060836792
0.000000000000000000
1.735695004463195801
2.369025707244873047
2.137106418609619141
0.717290103435516357
0.000000000000000000
0.239815890789031982
0.488987624645233154
0.558824062347412109
0.569944560527801514
0.000000000000000000
0.563689589500427246
0.479128330945968628
0.210449218750000000
0.808411121368408203
1.622809529304504395
0.034929692745208740
2.758481502532958984
3.288035869598388672
2.291766405105590820
0.000000000000000000
0.401919245719909668
0.542383432388305664
0.568106889724731445
0.000000000000000000
0.554289340972900391
0.440375417470932007
0.379354536533355713
2.151978969573974609
1.672100067138671875
0.059385478496551514
0.418083876371383667
1.848390221595764160
2.369412899017333984
0.163146793842315674
0.319569647312164307
0.531291186809539795
0.567359209060668945
0.000000000000000000
0.541805088520050049
0.409897238016128540
0.507712066173553467
1.770019650459289551
2.935780048370361328
1.452852249145507813
0.000000000000000000
0.930518507957458496
1.871814250946044922
0.135124951601028442
0.364796340465545654
0.532311201095581055
0.565597176551818848
0.000000000000000000
0.499584138393402100
0.322929739952087402
0.024362385272979736
1.744268059730529785
2.615528821945190430
3.625428676605224609
2.345820903778076172
2.496204853057861328
1.160987138748168945
0.128979921340942383
0.405939102172851563
0.537054359912872314
0.564240634441375732
0.000000000000000000
0.454260587692260742
0.225811362266540527
0.000000000000000000
0.522854030132293701
0.637812614440917969
2.916374444961547852
4.149413585662841797
4.204562187194824219
0.796033740043640137
0.193312287330627441
0.428329765796661377
0.541006743907928467
0.566458940505981445
0.000000000000000000
0.458985418081283569
0.262162536382675171
0.000000000000000000
0.000000000000000000
0.304436922073364258
0.000000000000000000
0.039812207221984863
0.000000000000000000
0.163436412811279297
0.258268594741821289
0.468764394521713257
0.551617085933685303
0.569191694259643555
0.000000000000000000
0.504620194435119629
0.396172881126403809
0.159052193164825439
0.000000000000000000
0.000000000000000000
0.000000000000000000
0.000000000000000000
0.000000000000000000
0.125383526086807251
0.407812178134918213
0.528684079647064209
0.566004753112792969
0.570758044719696045
0.000000000000000000
0.552161455154418945
0.497031211853027344
0.402838468551635742
0.239056199789047241
0.016080617904663086
0.000000000000000000
0.000000000000000000
0.192315191030502319
0.408520281314849854
0.525289833545684814
0.560884356498718262
0.569825768470764160
0.571159303188323975
0.000000000000000000
0.566012024879455566
0.555347025394439697
0.519390940666198730
0.464577257633209229
0.408820182085037231
0.372591674327850342
0.420146673917770386
0.485373139381408691
0.539378225803375244
0.561905503273010254
0.569806098937988281
0.571140050888061523
0.571247458457946777
0.000000000000000000
0.570521593093872070
0.568286776542663574
0.565485775470733643
0.561317324638366699
0.556415498256683350
0.557286024093627930
0.564467370510101318
0.569365441799163818
0.569607913494110107
0.570889413356781006
0.571105301380157471
0.571252882480621338
0.571267843246459961
0.000000000000000000
0.000000000000000000
0.000000000000000000
0.000000000000000000
0.000000000000000000
0.000000000000000000
0.000000000000000000
0.000000000000000000
0.000000000000000000
0.000000000000000000
0.000000000000000000
0.000000000000000000
0.000000000000000000
0.000000000000000000
0.000000000000000000
