-0.000000001623124191
-0.000000001623124191
-0.000000001623124191
-0.000000001623124191
-0.000000001623124191
-0.000000001623124191
-0.000000001623124191
-0.015974642708897591
-0.098737582564353943
-0.263156414031982422
-0.521889150142669678
-0.789812445640563965
-1.024934649467468262
-1.229530096054077148
-1.351292729377746582
-1.342630505561828613
-1.176465749740600586
-0.872802793979644775
-0.555513322353363037
-0.321565449237823486
-0.195925250649452209
-0.096913672983646393
-0.032956272363662720
-0.002900141058489680
-0.000000001623124191
-0.000000001623124191
-0.000000001623124191
-0.000000001623124191
-0.000000001623124191
-0.000000001623124191
-0.000000001623124191
-0.000000001623124191
-0.004679843783378601
-0.016579296439886093
-0.068894073367118835
-0.221242368221282959
-0.540917038917541504
-1.006368637084960938
-1.694541692733764648
-2.639571428298950195
-3.700580835342407227
-4.698296070098876953
-5.077583789825439453
-4.761832714080810547
-3.931862592697143555
-2.928099393844604492
-1.948673486709594727
-1.151581168174743652
-0.680866479873657227
-0.369714528322219849
-0.150242790579795837
-0.035414796322584152
-0.000854066922329366
-0.000118132193165366
-0.000152640539454296
-0.000000001623124191
-0.000000001623124191
-0.000000001623124191
-0.000000001623124191
-0.006542694289237261
-0.022739058360457420
-0.095594942569732666
-0.352281808853149414
-0.936634719371795654
-2.039401769638061523
-3.783291339874267578
-6.471205711364746094
-9.941450119018554688
-13.426083564758300781
-16.190317153930664063
-17.121719360351562500
-16.180849075317382813
-13.433339118957519531
-9.679538726806640625
-6.225358963012695313
-3.696440219879150391
-2.157269239425659180
-1.213559508323669434
-0.562432587146759033
-0.184089362621307373
-0.039744537323713303
-0.011552870273590088
-0.005215007811784744
-0.000000001623124191
-0.000000001623124191
-0.000000001623124191
-0.002498946618288755
-0.020802196115255356
-0.098600178956985474
-0.373159766197204590
-1.082914829254150391
-2.765619754791259766
-6.123392105102539063
-11.770443916320800781
-19.274993896484375000
-27.497707366943359375
-34.329853057861328125
-38.903686523437500000
-40.038593292236328125
-38.247066497802734375
-33.213996887207031250
-25.970119476318359375
-17.946222305297851563
-10.844727516174316406
-5.930103302001953125
-3.185475111007690430
-1.651904702186584473
-0.769694447517395020
-0.254348337650299072
-0.057090852409601212
-0.013610448688268661
-0.003289041109383106
-0.000000001623124191
-0.000000001623124191
-0.008079554885625839
-0.062832646071910858
-0.266229450702667236
-1.018329501152038574
-3.124594211578369141
-7.798535346984863281
-15.929026603698730469
-27.058061599731445313
-39.117721557617187500
-49.884113311767578125
-57.953926086425781250
-63.464221954345703125
-65.699485778808593750
-64.400650024414062500
-58.796794891357421875
-49.290069580078125000
-36.847335815429687500
-24.046279907226562500
-13.708030700683593750
-7.076927185058593750
-3.549362182617187500
-1.750559210777282715
-0.757634580135345459
-0.279058516025543213
-0.080965146422386169
-0.014465601183474064
-0.000000001623124191
-0.005906598642468452
-0.048730179667472839
-0.209747254848480225
-0.824009239673614502
-2.806061744689941406
-7.649712562561035156
-16.979497909545898438
-29.659870147705078125
-43.753353118896484375
-47.959522247314453125
-34.658264160156250000
-29.459491729736328125
-41.153461456298828125
-78.690071105957031250
-84.965065002441406250
-79.586807250976562500
-70.089111328125000000
-56.937469482421875000
-41.160797119140625000
-25.993118286132812500
-14.108822822570800781
-6.905777931213378906
-3.126774787902832031
-1.270434737205505371
-0.491070777177810669
-0.133969455957412720
-0.024087915197014809
-0.002816994441673160
-0.041172891855239868
-0.170375972986221313
-0.592610836029052734
-2.095008134841918945
-6.214764118194580078
-14.780555725097656250
-27.296009063720703125
-41.262619018554687500
-54.229576110839843750
-35.154304504394531250
28.798225402832031250
86.393180847167968750
119.957031250000000000
22.207309722900390625
-51.256439208984375000
-91.893989562988281250
-85.358947753906250000
-72.643745422363281250
-56.390026092529296875
-39.159862518310546875
-23.165082931518554688
-12.047019004821777344
-5.750540256500244141
-2.353632688522338867
-0.869690299034118652
-0.294624656438827515
-0.092483453452587128
-0.003871228778734803
-0.073914766311645508
-0.306406855583190918
-1.213896274566650391
-4.136706352233886719
-10.809736251831054688
-21.417381286621093750
-34.234691619873046875
-47.752368927001953125
-50.542358398437500000
20.904575347900390625
81.381484985351562500
75.354377746582031250
125.644775390625000000
109.436019897460937500
89.544082641601562500
10.205452919006347656
-48.833427429199218750
-68.752960205078125000
-66.126632690429687500
-50.487823486328125000
-32.651523590087890625
-17.782571792602539063
-8.485860824584960938
-3.566046953201293945
-1.322930455207824707
-0.408791005611419678
-0.119208440184593201
-0.014370374381542206
-0.143196865916252136
-0.529644012451171875
-2.095154523849487305
-6.439604759216308594
-14.479290962219238281
-25.217510223388671875
-37.109722137451171875
-46.054222106933593750
-25.131919860839843750
54.856777191162109375
36.067417144775390625
-55.127479553222656250
-40.121650695800781250
14.340895652770996094
152.863739013671875000
181.487396240234375000
113.156478881835937500
16.305133819580078125
-47.044097900390625000
-57.790779113769531250
-40.865917205810546875
-24.172945022583007813
-11.835725784301757813
-5.124856472015380859
-2.018723964691162109
-0.688004076480865479
-0.220918148756027222
-0.035365641117095947
-0.248132228851318359
-0.891482770442962646
-3.056201457977294922
-8.152399063110351563
-16.263416290283203125
-26.439128875732421875
-39.147262573242187500
-29.384017944335937500
16.573875427246093750
73.491950988769531250
-41.021057128906250000
-37.484519958496093750
-37.563674926757812500
-32.978679656982421875
45.995140075683593750
173.957824707031250000
189.874145507812500000
120.245155334472656250
16.867073059082031250
-61.438213348388671875
-45.335727691650390625
-29.051593780517578125
-15.044971466064453125
-6.419050216674804688
-2.522071838378906250
-0.869684755802154541
-0.239808052778244019
-0.075880326330661774
-0.316758871078491211
-1.186624765396118164
-3.782213687896728516
-9.148034095764160156
-17.228395462036132813
-28.460037231445312500
-22.305364608764648438
48.642250061035156250
110.475440979003906250
75.331275939941406250
-58.349693298339843750
-52.179878234863281250
-35.775314331054687500
-16.512611389160156250
-64.369377136230468750
6.614910125732421875
89.257720947265625000
125.671836853027343750
83.172615051269531250
-49.995384216308593750
-45.772132873535156250
-31.177852630615234375
-17.591114044189453125
-7.635937690734863281
-2.793958425521850586
-0.947632253170013428
-0.273174732923507690
-0.099026955664157867
-0.390764325857162476
-1.384722232818603516
-4.158550262451171875
-9.856157302856445313
-18.821092605590820313
-31.817085266113281250
-13.412766456604003906
79.547889709472656250
82.999000549316406250
76.936851501464843750
4.542449474334716797
-76.281875610351562500
-81.498619079589843750
-10.705984115600585938
-72.702461242675781250
-23.116100311279296875
-7.224060058593750000
16.854181289672851563
105.175765991210937500
-28.523464202880859375
-43.677639007568359375
-29.904441833496093750
-17.824180603027343750
-7.985283851623535156
-2.938449382781982422
-1.042348742485046387
-0.355755209922790527
-0.248554363846778870
-0.742401719093322754
-2.059144496917724609
-5.176649093627929688
-11.278145790100097656
-21.493919372558593750
-36.377944946289062500
-4.441896438598632813
83.780418395996093750
22.229257583618164063
146.516052246093750000
105.901016235351562500
-35.329902648925781250
-105.029441833496093750
-79.939819335937500000
-85.996704101562500000
14.691181182861328125
-8.216420173645019531
-34.048946380615234375
90.894821166992187500
-30.481903076171875000
-40.586193084716796875
-27.261798858642578125
-16.316509246826171875
-7.552859783172607422
-2.847059726715087891
-1.058985710144042969
-0.396321713924407959
-0.587236344814300537
-1.570239782333374023
-3.396992444992065430
-7.231948852539062500
-14.054849624633789063
-24.968612670898437500
-39.089672088623046875
-6.871410846710205078
81.676391601562500000
-3.037071228027343750
137.085327148437500000
165.255081176757812500
61.613681793212890625
-84.021461486816406250
-113.381401062011718750
-108.806915283203125000
8.669221878051757813
25.107925415039062500
-24.337135314941406250
52.411094665527343750
-35.022224426269531250
-36.480754852294921875
-23.826349258422851563
-14.430233001708984375
-6.874960422515869141
-2.722669124603271484
-1.063871622085571289
-0.403356492519378662
-0.900836825370788574
-2.443594455718994141
-5.009954929351806641
-9.682041168212890625
-17.356279373168945313
-28.297185897827148438
-41.690490722656250000
-38.223068237304687500
81.980651855468750000
-5.759315490722656250
92.956481933593750000
142.872817993164062500
175.644134521484375000
45.680912017822265625
-44.804698944091796875
-77.481124877929687500
40.003902435302734375
58.671585083007812500
-31.116392135620117188
41.215316772460937500
-38.778781890869140625
-33.008846282958984375
-21.030803680419921875
-12.621385574340820313
-6.066143512725830078
-2.473551511764526367
-1.066988110542297363
-0.525034070014953613
-1.147420883178710938
-3.278514385223388672
-6.679413795471191406
-12.332555770874023438
-20.787017822265625000
-31.216411590576171875
-43.739253997802734375
-49.428394317626953125
31.735651016235351563
-25.203763961791992188
29.482360839843750000
66.109100341796875000
213.454437255859375000
186.603485107421875000
124.023017883300781250
67.938064575195312500
134.533294677734375000
41.378318786621093750
-9.788278579711914063
10.756148338317871094
-44.845436096191406250
-30.911376953125000000
-19.377006530761718750
-11.554779052734375000
-5.672307491302490234
-2.391170501708984375
-0.977010726928710938
-0.491127908229827881
-1.519258379936218262
-4.161680698394775391
-8.177602767944335938
-14.602609634399414063
-24.143854141235351563
-35.014236450195312500
-46.241714477539062500
-55.354309082031250000
-17.461624145507812500
-3.383629322052001953
-19.398551940917968750
4.650793075561523438
116.788337707519531250
163.898834228515625000
203.761001586914062500
250.075576782226562500
253.929901123046875000
55.933849334716796875
15.708823204040527344
-19.862636566162109375
-41.352806091308593750
-28.489458084106445313
-17.939794540405273438
-10.870635986328125000
-5.439876556396484375
-2.388072490692138672
-0.918349444866180420
-0.376988768577575684
-1.689892292022705078
-4.652378082275390625
-9.158921241760253906
-15.638744354248046875
-25.765859603881835938
-37.825412750244140625
-48.470920562744140625
-59.341789245605468750
-61.536624908447265625
-29.967111587524414063
3.850079536437988281
-64.372726440429687500
-15.535472869873046875
27.658842086791992188
62.520595550537109375
160.159408569335937500
143.673614501953125000
0.756795883178710938
12.372654914855957031
-30.134891510009765625
-38.963260650634765625
-26.415205001831054688
-16.934543609619140625
-9.989902496337890625
-4.962110996246337891
-2.114941120147705078
-0.906043887138366699
-0.336093008518218994
-1.649912834167480469
-4.455450057983398438
-8.895506858825683594
-15.035508155822753906
-24.707406997680664063
-36.781745910644531250
-47.997722625732421875
-57.824993133544921875
-69.710716247558593750
-71.969154357910156250
-18.648736953735351563
-47.286430358886718750
-47.755619049072265625
-56.439125061035156250
-37.143283843994140625
-42.110500335693359375
-86.853485107421875000
-105.920280456542968750
-28.503221511840820313
-42.807895660400390625
-35.904396057128906250
-24.647821426391601563
-15.380922317504882813
-8.689218521118164063
-4.196154594421386719
-1.783700942993164063
-0.774497568607330322
-0.282782495021820068
-1.471971154212951660
-3.930486440658569336
-7.847387313842773438
-13.146831512451171875
-21.603281021118164063
-32.537994384765625000
-44.338214874267578125
-54.575317382812500000
-66.440223693847656250
-76.792900085449218750
-76.813125610351562500
-66.342437744140625000
-53.600212097167968750
-58.626647949218750000
-45.257350921630859375
-58.093742370605468750
-82.067840576171875000
-61.729621887207031250
-42.939239501953125000
-42.480453491210937500
-32.984390258789062500
-21.875427246093750000
-13.202124595642089844
-7.163936614990234375
-3.409864425659179688
-1.373387694358825684
-0.517607986927032471
-0.145099848508834839
-1.196440696716308594
-3.141633987426757813
-6.317647457122802734
-10.759171485900878906
-17.059114456176757813
-26.343755722045898438
-37.624725341796875000
-49.298294067382812500
-60.363990783691406250
-71.233566284179687500
-79.165328979492187500
-86.406463623046875000
-86.066658020019531250
-75.494567871093750000
-77.856231689453125000
-92.286346435546875000
-62.840419769287109375
-62.302585601806640625
-51.178710937500000000
-39.996093750000000000
-27.735118865966796875
-17.263525009155273438
-9.739299774169921875
-5.113165855407714844
-2.223195791244506836
-0.736495971679687500
-0.263068348169326782
-0.065427787601947784
-0.893872261047363281
-2.268293142318725586
-4.657985210418701172
-7.886348724365234375
-12.237338066101074219
-18.972398757934570313
-28.809635162353515625
-40.710861206054687500
-51.568965911865234375
-61.286224365234375000
-69.698852539062500000
-76.837104797363281250
-81.920852661132812500
-82.315452575683593750
-79.912017822265625000
-74.226860046386718750
-66.279022216796875000
-55.607700347900390625
-43.006336212158203125
-31.162727355957031250
-19.926731109619140625
-11.423870086669921875
-6.209352970123291016
-2.976166963577270508
-1.219522714614868164
-0.367835998535156250
-0.140947237610816956
-0.035630039870738983
-0.528118312358856201
-1.221549153327941895
-2.737023353576660156
-5.235263824462890625
-8.252676010131835938
-12.321652412414550781
-18.706632614135742188
-28.202758789062500000
-38.371952056884765625
-48.106986999511718750
-56.130641937255859375
-63.438838958740234375
-68.320022583007812500
-70.331901550292968750
-68.828109741210937500
-63.065883636474609375
-54.284751892089843750
-42.659530639648437500
-30.872211456298828125
-20.638603210449218750
-11.978418350219726563
-6.543157100677490234
-3.261222839355468750
-1.499888777732849121
-0.631054997444152832
-0.191713169217109680
-0.072202228009700775
-0.018017642199993134
-0.442716091871261597
-0.723967790603637695
-1.335338234901428223
-2.833791732788085938
-5.188375949859619141
-8.201490402221679688
-11.771480560302734375
-16.267303466796875000
-23.218177795410156250
-30.866657257080078125
-38.801876068115234375
-45.164962768554687500
-49.156539916992187500
-50.884452819824218750
-48.915752410888671875
-43.899982452392578125
-35.715057373046875000
-26.484891891479492188
-18.283996582031250000
-11.374380111694335938
-6.243757724761962891
-3.213389873504638672
-1.498241186141967773
-0.725697934627532959
-0.297939628362655640
-0.100786060094833374
-0.043403103947639465
-0.007583788130432367
-0.214572846889495850
-0.414215147495269775
-0.711732149124145508
-1.314140200614929199
-2.681687831878662109
-5.003051280975341797
-7.619066238403320313
-9.916395187377929688
-12.944287300109863281
-16.974891662597656250
-21.540662765502929688
-25.469478607177734375
-28.091291427612304688
-28.876586914062500000
-27.319889068603515625
-23.762317657470703125
-18.906105041503906250
-13.434355735778808594
-9.122110366821289063
-5.335563659667968750
-2.945609569549560547
-1.552616953849792480
-0.775293588638305664
-0.348144590854644775
-0.162878975272178650
-0.045683182775974274
-0.012486407533288002
-0.003548667998984456
-0.111325979232788086
-0.173568710684776306
-0.367329299449920654
-0.584930241107940674
-1.112700104713439941
-2.072823762893676758
-3.625663518905639648
-5.487112998962402344
-7.456575393676757813
-9.475410461425781250
-11.353420257568359375
-12.855798721313476563
-13.885419845581054688
-13.942031860351562500
-12.844008445739746094
-10.561815261840820313
-8.370171546936035156
-6.003156185150146484
-3.905077219009399414
-2.228756189346313477
-1.293635487556457520
-0.654332637786865234
-0.260834634304046631
-0.102160587906837463
-0.050013922154903412
-0.008929671719670296
-0.003891572589054704
-0.001423840993084013
-0.027303257957100868
-0.078237198293209076
-0.144033506512641907
-0.309568166732788086
-0.473486483097076416
-0.738795995712280273
-1.414326906204223633
-2.370070457458496094
-3.596618175506591797
-4.765861034393310547
-5.777495861053466797
-6.449821949005126953
-6.724686622619628906
-6.318713188171386719
-5.501939773559570313
-4.329723834991455078
-3.584918498992919922
-2.360842943191528320
-1.516586303710937500
-0.758046746253967285
-0.477415442466735840
-0.196766704320907593
-0.051626168191432953
-0.032155413180589676
-0.014774339273571968
-0.005812387447804213
-0.001114298007450998
-0.000401450495701283
-0.003730954136699438
-0.024337379261851311
-0.052157219499349594
-0.133258506655693054
-0.208345994353294373
-0.307022005319595337
-0.404106557369232178
-0.486240386962890625
-0.695439457893371582
-0.995822429656982422
-1.064414858818054199
-1.038024425506591797
-1.109224438667297363
-0.977183341979980469
-0.527820825576782227
-0.475281953811645508
-0.352323293685913086
-0.132957935333251953
-0.133905470371246338
-0.116011857986450195
-0.122523695230484009
-0.026446448639035225
-0.011359604075551033
-0.012713929638266563
-0.003268024884164333
-0.001045593642629683
-0.000139901385409757
-0.000000001623124191
