0.000000000000000000
0.000000000000000000
0.000000000000000000
0.000000000000000000
0.000000000000000000
0.000000000000000000
0.000000000000000000
0.000000000000000000
0.000399999989895150
0.025066666305065155
0.050266668200492859
0.086933329701423645
0.147200003266334534
0.183733329176902771
0.220666661858558655
0.268666654825210571
0.194399997591972351
0.081333331763744354
0.044933333992958069
0.037200000137090683
0.015599999576807022
0.011599999852478504
0.000000000000000000
0.000000000000000000
0.000000000000000000
0.000000000000000000
0.000000000000000000
0.000000000000000000
0.000000000000000000
0.000000000000000000
0.000000000000000000
0.000000000000000000
0.000000000000000000
0.000000000000000000
0.000000000000000000
0.000000000000000000
0.046799998730421066
0.224399998784065247
0.418266654014587402
0.639599978923797607
0.832133352756500244
0.945999979972839355
1.089333295822143555
1.088266611099243164
0.878266692161560059
0.596266686916351318
0.333466678857803345
0.212400004267692566
0.130933329463005066
0.051733333617448807
0.005066666752099991
0.000000000000000000
0.000000000000000000
0.000000000000000000
0.000000000000000000
0.000000000000000000
0.000000000000000000
0.000000000000000000
0.000000000000000000
0.000000000000000000
0.000000000000000000
0.013733332976698875
0.030799999833106995
0.139066666364669800
0.406933337450027466
0.793600022792816162
1.340533375740051270
2.077466726303100586
3.063466548919677734
3.786000013351440430
4.117333412170410156
3.665199995040893555
2.925066709518432617
2.075999975204467773
1.228266716003417969
0.737200021743774414
0.465333342552185059
0.205599993467330933
0.059999998658895493
0.001333333319053054
0.000000000000000000
0.000266666669631377
0.000000000000000000
0.000000000000000000
0.000000000000000000
0.000000000000000000
0.000000000000000000
0.000000000000000000
0.019200000911951065
0.039066664874553680
0.205866664648056030
0.701733350753784180
1.479466676712036133
2.853600025177001953
5.044000148773193359
7.942266464233398438
11.022666931152343750
13.037467002868652344
13.610133171081542969
12.587599754333496094
9.990266799926757813
6.649866580963134766
3.930399894714355469
2.356666564941406250
1.430266618728637695
0.737200021743774414
0.261333346366882324
0.053466666489839554
0.013333333656191826
0.009066666476428509
0.000000000000000000
0.000000000000000000
0.000000000000000000
0.000000000000000000
0.000000000000000000
0.007333333138376474
0.047733332961797714
0.207333326339721680
0.715066671371459961
1.799200057983398438
4.548533439636230469
9.166132926940917969
15.500666618347167969
22.346532821655273438
28.040533065795898438
31.122667312622070313
32.063732147216796875
29.928934097290039063
25.376667022705078125
18.785600662231445313
11.972133636474609375
6.763333320617675781
3.641733407974243164
1.921200037002563477
0.978799998760223389
0.364533334970474243
0.086533330380916595
0.017733333632349968
0.005333333276212215
0.000533333339262754
0.000000000000000000
0.000000000000000000
0.000000000000000000
0.022266667336225510
0.125599995255470276
0.558133304119110107
1.858000040054321289
5.398133277893066406
12.252933502197265625
21.728000640869140625
31.674800872802734375
40.286266326904296875
46.576801300048828125
50.762798309326171875
52.544666290283203125
51.387199401855468750
46.468666076660156250
37.275466918945312500
26.071866989135742188
15.730799674987792969
8.241333007812500000
4.174533367156982422
2.103199958801269531
0.934133350849151611
0.379866659641265869
0.119333334267139435
0.024000000208616257
0.000933333358261734
0.000000000000000000
0.000000000000000000
0.017333332449197769
0.105333335697650909
0.388666659593582153
1.511733293533325195
5.021599769592285156
12.374933242797851563
23.518133163452148438
34.747066497802734375
44.517734527587890625
52.613864898681640625
59.745334625244140625
64.825332641601562500
67.917732238769531250
67.768531799316406250
63.318931579589843750
54.990932464599609375
42.682800292968750000
28.831066131591796875
16.247999191284179688
8.426666259765625000
3.911600112915039063
1.575733304023742676
0.671333312988281250
0.197999998927116394
0.035333331674337387
0.002400000113993883
0.000000000000000000
0.008266666904091835
0.106666669249534607
0.312266677618026733
1.031066656112670898
3.712533235549926758
10.169733047485351563
20.742399215698242188
31.657867431640625000
41.897068023681640625
51.849201202392578125
61.593868255615234375
71.568801879882812500
78.540130615234375000
81.509597778320312500
80.093063354492187500
75.246398925781250000
67.511863708496093750
56.346801757812500000
41.741867065429687500
26.194133758544921875
14.145333290100097656
6.979199886322021484
3.048666715621948242
1.110666632652282715
0.364266663789749146
0.129199996590614319
0.025866666808724403
0.000000000000000000
0.009733333252370358
0.166533336043357849
0.585066676139831543
2.187866687774658203
6.853866577148437500
15.313599586486816406
25.121334075927734375
34.975067138671875000
46.844665527343750000
60.106399536132812500
72.645469665527343750
81.907203674316406250
85.880798339843750000
87.416000366210937500
85.218803405761718750
81.106132507324218750
75.283332824707031250
64.632003784179687500
51.426532745361328125
36.226932525634765625
20.981599807739257813
10.226933479309082031
4.549466609954833984
1.717599987983703613
0.538533329963684082
0.163866668939590454
0.036533333361148834
0.000000000000000000
0.028133332729339600
0.216533333063125610
0.972533345222473145
3.528133392333984375
9.306133270263671875
17.818666458129882813
26.318000793457031250
38.047466278076171875
54.474533081054687500
69.893730163574218750
78.926132202148437500
81.079467773437500000
79.584930419921875000
78.308937072753906250
78.426399230957031250
77.703865051269531250
75.263999938964843750
68.749870300292968750
57.031600952148437500
43.564399719238281250
27.875999450683593750
14.368800163269042969
6.266399860382080078
2.489866733551025391
0.889599978923797607
0.289600014686584473
0.086266666650772095
0.003466666676104069
0.079466663300991058
0.375733345746994019
1.397199988365173340
4.316133499145507813
10.295866966247558594
18.400533676147460938
28.212266921997070313
43.980667114257812500
62.240001678466796875
75.521865844726562500
78.657600402832031250
73.975196838378906250
69.340263366699218750
68.899864196777343750
70.144531250000000000
70.105331420898437500
70.029464721679687500
67.534797668457031250
59.553333282470703125
47.300266265869140625
32.666801452636718750
18.224800109863281250
7.862266540527343750
3.116133451461791992
1.147333383560180664
0.334133327007293701
0.079999998211860657
0.035866666585206985
0.122800000011920929
0.441066652536392212
1.667199969291687012
4.791866779327392578
10.746399879455566406
19.568265914916992188
32.154933929443359375
50.248268127441406250
68.194000244140625000
79.023468017578125000
77.404930114746093750
70.198265075683593750
65.905334472656250000
67.185600280761718750
70.481864929199218750
70.790534973144531250
67.802665710449218750
63.915733337402343750
57.517066955566406250
46.720268249511718750
34.408134460449218750
20.737466812133789063
9.486399650573730469
3.513733386993408203
1.171066641807556152
0.364133328199386597
0.097199998795986176
0.044133331626653671
0.135199993848800659
0.489866673946380615
1.741466641426086426
5.244533538818359375
11.863466262817382813
22.220266342163085938
36.454933166503906250
54.876800537109375000
72.533065795898437500
81.543998718261718750
76.897331237792968750
70.348930358886718750
67.716270446777343750
70.650802612304687500
75.654663085937500000
78.005867004394531250
72.629730224609375000
63.026401519775390625
53.703865051269531250
44.177200317382812500
33.174800872802734375
20.871067047119140625
9.717733383178710938
3.595466613769531250
1.199200034141540527
0.440933346748352051
0.163866668939590454
0.174533337354660034
0.393599987030029297
0.914266645908355713
2.439066648483276367
6.236800193786621094
13.664533615112304688
25.222133636474609375
39.549465179443359375
56.869335174560546875
73.684936523437500000
82.000534057617187500
78.445869445800781250
74.512130737304687500
73.001602172851562500
78.515068054199218750
82.113731384277343750
86.414535522460937500
80.031066894531250000
64.309997558593750000
51.068267822265625000
40.869598388671875000
30.602266311645507813
19.251199722290039063
8.973199844360351563
3.246000051498413086
1.185733318328857422
0.514133334159851074
0.203066661953926086
0.513733327388763428
1.026399970054626465
2.044133424758911133
4.023600101470947266
8.142932891845703125
16.132534027099609375
27.467599868774414063
41.029335021972656250
56.192001342773437500
70.877067565917968750
79.957069396972656250
80.528663635253906250
79.387199401855468750
81.909332275390625000
83.953201293945312500
85.452400207519531250
90.666534423828125000
83.380531311035156250
65.393203735351562500
49.971332550048828125
36.825866699218750000
26.937599182128906250
16.898399353027343750
7.877200126647949219
2.953599929809570313
1.193333387374877930
0.576399981975555420
0.191599994897842407
0.789866685867309570
1.627599954605102539
3.377599954605102539
6.139200210571289063
10.601733207702636719
18.498533248901367188
29.218666076660156250
40.783466339111328125
52.732131958007812500
64.240669250488281250
74.256401062011718750
78.958267211914062500
80.192268371582031250
78.773330688476562500
79.902267456054687500
86.868263244628906250
91.879333496093750000
81.401863098144531250
63.337734222412109375
47.623466491699218750
33.514266967773437500
23.804399490356445313
14.808799743652343750
6.770666599273681641
2.597466707229614258
1.115200042724609375
0.710799992084503174
0.278533339500427246
0.841199994087219238
2.014400005340576172
4.572133541107177734
8.559066772460937500
13.375333786010742188
20.561866760253906250
30.971200942993164063
40.342666625976562500
49.047065734863281250
57.517868041992187500
66.661331176757812500
72.694664001464843750
77.341598510742187500
80.559867858886718750
82.718933105468750000
88.257736206054687500
87.553070068359375000
75.489067077636718750
60.265464782714843750
44.906131744384765625
31.359466552734375000
22.050132751464843750
13.283599853515625000
6.233600139617919922
2.523600101470947266
1.151466608047485352
0.636133313179016113
0.297866672277450562
1.032533288002014160
2.348666667938232422
5.300933361053466797
10.556133270263671875
16.485866546630859375
23.600532531738281250
33.300666809082031250
42.320533752441406250
47.525733947753906250
53.592132568359375000
60.404666900634765625
66.000534057617187500
70.639869689941406250
76.013732910156250000
80.600532531738281250
83.343200683593750000
79.446136474609375000
68.129066467285156250
54.481067657470703125
40.328800201416015625
28.976133346557617188
20.157066345214843750
12.311599731445312500
6.008800029754638672
2.539200067520141602
1.177199959754943848
0.551066637039184570
0.213866665959358215
1.072133302688598633
2.439599990844726563
5.481733322143554688
11.252666473388671875
18.265199661254882813
26.450532913208007813
35.404399871826171875
44.440265655517578125
49.563068389892578125
53.672401428222656250
56.916267395019531250
60.273067474365234375
64.417732238769531250
69.514533996582031250
74.100265502929687500
75.170799255371093750
69.645736694335937500
59.341999053955078125
47.825466156005859375
36.202800750732421875
26.803600311279296875
18.888933181762695313
11.437466621398925781
5.557600021362304688
2.318799972534179688
1.065199971199035645
0.511733353137969971
0.179333329200744629
1.062133312225341797
2.142933368682861328
4.647600173950195313
9.999732971191406250
17.707332611083984375
26.059999465942382813
34.894535064697265625
43.936931610107421875
51.493999481201171875
56.428665161132812500
59.294132232666015625
60.287067413330078125
61.414932250976562500
64.401466369628906250
66.436531066894531250
65.091598510742187500
60.242401123046875000
52.442268371582031250
43.381198883056640625
33.599864959716796875
25.315999984741210938
17.513200759887695313
10.162933349609375000
4.592000007629394531
1.963999986648559570
0.939599990844726563
0.402266681194305420
0.128666669130325317
0.900399982929229736
1.802266716957092285
3.517466783523559570
7.599333286285400391
14.485866546630859375
22.950532913208007813
31.641466140747070313
40.471866607666015625
49.912666320800781250
57.829868316650390625
62.555732727050781250
64.002265930175781250
63.465065002441406250
63.657199859619140625
62.301734924316406250
59.677600860595703125
55.070667266845703125
48.728931427001953125
40.995998382568359375
31.754266738891601563
23.278533935546875000
15.412666320800781250
8.201999664306640625
3.699199914932250977
1.567066669464111328
0.694666683673858643
0.204533338546752930
0.036400001496076584
0.783866643905639648
1.462933301925659180
2.553066730499267578
5.138266563415527344
10.260666847229003906
17.680799484252929688
26.211732864379882813
35.056934356689453125
44.922401428222656250
53.642131805419921875
60.611064910888671875
63.737201690673828125
64.633331298828125000
63.686401367187500000
61.053333282470703125
57.630268096923828125
52.256000518798828125
45.926265716552734375
37.592533111572265625
28.036399841308593750
19.462533950805664063
11.488666534423828125
5.738266468048095703
2.467733383178710938
0.895466685295104980
0.303866654634475708
0.062666669487953186
0.003599999938160181
0.465999990701675415
1.200399994850158691
1.999733328819274902
3.104000091552734375
5.898399829864501953
11.322667121887207031
19.177732467651367188
28.173067092895507813
36.645732879638671875
45.054534912109375000
52.054000854492187500
57.574531555175781250
60.708534240722656250
60.596401214599609375
58.503067016601562500
54.317066192626953125
48.614933013916015625
40.600532531738281250
30.855466842651367188
21.268266677856445313
13.258132934570312500
7.102399826049804688
3.268399953842163086
1.225600004196166992
0.421733319759368896
0.114799998700618744
0.009866666980087757
0.000399999989895150
0.180000007152557373
0.547066688537597656
1.178933382034301758
1.959333300590515137
3.123733282089233398
5.581600189208984375
10.714666366577148438
18.308134078979492188
26.234533309936523438
33.664398193359375000
40.559867858886718750
46.621868133544921875
50.716133117675781250
52.062667846679687500
50.713733673095703125
46.277999877929687500
39.303867340087890625
30.491600036621093750
21.090000152587890625
13.369732856750488281
7.392933368682861328
3.471600055694580078
1.461066722869873047
0.584133327007293701
0.172000005841255188
0.044266667217016220
0.009466666728258133
0.000933333358261734
0.032133333384990692
0.246266663074493408
0.543600022792816162
1.073466658592224121
1.689866662025451660
2.800266742706298828
4.943866729736328125
8.707066535949707031
14.025466918945312500
20.211999893188476563
26.492399215698242188
31.963600158691406250
35.624267578125000000
36.994934082031250000
35.655467987060546875
31.606132507324218750
25.140533447265625000
18.127733230590820313
11.866932868957519531
6.842533111572265625
3.304533243179321289
1.380933284759521484
0.605333328247070313
0.256000012159347534
0.078133329749107361
0.033333335071802139
0.008266666904091835
0.000933333358261734
0.007466666866093874
0.060933332890272141
0.210800006985664368
0.482666671276092529
1.019600033760070801
1.743333339691162109
2.563466548919677734
3.866800069808959961
5.942533493041992188
9.049467086791992188
12.789600372314453125
16.323734283447265625
18.693067550659179688
19.583599090576171875
18.822000503540039063
16.498399734497070313
12.450400352478027344
8.738800048828125000
5.423466682434082031
2.952266693115234375
1.273466706275939941
0.593733310699462891
0.336133331060409546
0.141066670417785645
0.043733332306146622
0.010266666300594807
0.002533333376049995
0.000266666669631377
0.000000000000000000
0.007466666866093874
0.056000001728534698
0.155200004577636719
0.393733322620391846
0.740533351898193359
1.224266648292541504
1.842666625976562500
2.694000005722045898
3.765199899673461914
5.196800231933593750
6.582933425903320313
7.594933509826660156
8.169066429138183594
7.988933563232421875
6.620399951934814453
5.076133251190185547
3.588000059127807617
2.164266586303710938
1.109733343124389648
0.454266667366027832
0.236933335661888123
0.108266666531562805
0.028400000184774399
0.006533333566039801
0.000666666659526527
0.000000000000000000
0.000000000000000000
0.000000000000000000
0.000000000000000000
0.000000000000000000
0.005599999800324440
0.037733335047960281
0.162933334708213806
0.431199997663497925
0.962800025939941406
1.291866660118103027
1.697466611862182617
2.344000101089477539
2.986933231353759766
3.182666778564453125
3.131733417510986328
2.968533277511596680
2.557466745376586914
1.917866706848144531
1.379333376884460449
0.744799971580505371
0.282000005245208740
0.103600002825260162
0.050266668200492859
0.012799999676644802
0.001733333338052034
0.000000000000000000
0.000000000000000000
0.000000000000000000
0.000000000000000000
