-0.036923874169588089
-0.372434765100479126
-0.370885670185089111
-0.363360404968261719
-0.343030154705047607
-0.304113715887069702
-0.270608007907867432
-0.267545431852340698
-0.283400505781173706
-0.324117213487625122
-0.355326771736145020
-0.367278993129730225
-0.371811330318450928
-0.417042911052703857
-0.197899639606475830
-0.399712651968002319
-0.388092905282974243
-0.335199177265167236
-0.252506166696548462
-0.244136959314346313
-0.108406551182270050
-0.052011784166097641
-0.052515212446451187
-0.163162410259246826
-0.280030190944671631
-0.366063028573989868
-0.393039852380752563
-0.406082004308700562
-0.197186619043350220
-0.392466634511947632
-0.347500681877136230
-0.283476084470748901
-0.858053207397460938
-0.878068447113037109
-1.262998819351196289
-0.991308093070983887
-0.553183555603027344
-0.156615704298019409
-0.108525671064853668
-0.275050580501556396
-0.370076596736907959
-0.402568519115447998
-0.196430087089538574
-0.382025986909866333
-0.356050670146942139
-0.617164015769958496
0.023951727896928787
0.537728309631347656
-1.318189263343811035
-1.830588817596435547
-2.355938196182250977
-1.158687949180603027
-0.666027426719665527
-0.140746384859085083
-0.331195205450057983
-0.396109908819198608
-0.195233300328254700
-0.391152560710906982
-0.443021357059478760
-0.632960021495819092
-0.241010546684265137
-1.607774496078491211
-0.241437748074531555
0.409279644489288330
-0.923999488353729248
-1.773870706558227539
-1.397576093673706055
-0.140176683664321899
-0.291016459465026855
-0.389386892318725586
-0.194413319230079651
-0.389292210340499878
-0.382781058549880981
-0.003190778195858002
-1.070563912391662598
-2.046111822128295898
-1.013858318328857422
-0.821308434009552002
-0.244536027312278748
-0.869885504245758057
-0.764239013195037842
-0.216574013233184814
-0.292165040969848633
-0.389437705278396606
-0.184324264526367188
-0.362953275442123413
-0.156845897436141968
-0.253852277994155884
-0.572106063365936279
-1.903588294982910156
-2.319870471954345703
-2.139962196350097656
-0.887725174427032471
-1.297269940376281738
-0.417486697435379028
-0.157153874635696411
-0.334839344024658203
-0.393219321966171265
-0.183919012546539307
-0.350818395614624023
-0.311128824949264526
0.236647456884384155
0.166297212243080139
-0.819424271583557129
-1.537369728088378906
-2.407204627990722656
-2.381143331527709961
-2.291073322296142578
-0.197620019316673279
-0.193666577339172363
-0.345463126897811890
-0.395074456930160522
-0.197962760925292969
-0.381483078002929688
-0.256296783685684204
0.022413728758692741
-0.446628093719482422
0.532814979553222656
0.712165832519531250
0.461984187364578247
-1.618585944175720215
-1.114841341972351074
-0.090747103095054626
-0.247746974229812622
-0.355597674846649170
-0.398132860660552979
-0.206323534250259399
-0.400557637214660645
-0.317817479372024536
-0.176803797483444214
-0.074842385947704315
-0.246078416705131531
-0.836567342281341553
-0.500285506248474121
0.019204417243599892
0.741705000400543213
0.005338444840162992
-0.305590957403182983
-0.381434381008148193
-0.405306518077850342
-0.204982057213783264
-0.393487095832824707
-0.385408967733383179
-0.306174516677856445
-0.191099762916564941
-0.130536660552024841
0.063723556697368622
-0.071403674781322479
-0.089346453547477722
-0.136148318648338318
-0.229587554931640625
-0.382346868515014648
-0.403488069772720337
-0.409217566251754761
-0.195969492197036743
-0.397808104753494263
-0.385774880647659302
-0.365429490804672241
-0.398195803165435791
-0.335562944412231445
-0.262517303228378296
-0.192318052053451538
-0.167856201529502869
-0.279067307710647583
-0.404310524463653564
-0.411476373672485352
-0.405734419822692871
-0.407827734947204590
-0.196994751691818237
-0.397549510002136230
-0.393353670835494995
-0.387527048587799072
-0.361586660146713257
-0.340407282114028931
-0.348635673522949219
-0.334911644458770752
-0.393705546855926514
-0.422947615385055542
-0.416933536529541016
-0.405982643365859985
-0.402409255504608154
-0.407484352588653564
0.003799786092713475
-0.044273033738136292
-0.041081558912992477
-0.032816637307405472
-0.026266574859619141
-0.022343654185533524
-0.026323955506086349
-0.048458244651556015
-0.057795770466327667
-0.056823018938302994
-0.049787495285272598
-0.046713646501302719
-0.045251760631799698
-0.238075062632560730
-0.445477157831192017
-0.657316029071807861
-0.657026827335357666
-0.654284119606018066
-0.642287254333496094
-0.612803399562835693
-0.565779149532318115
-0.528175115585327148
-0.539624094963073730
-0.594266116619110107
-0.634228348731994629
-0.650430083274841309
-0.656332015991210938
-0.402757048606872559
-0.452547550201416016
-0.562611639499664307
-0.557974100112915039
-0.529253065586090088
-0.436153709888458252
-0.272409647703170776
-0.152574628591537476
-0.187322035431861877
-0.191771343350410461
-0.270840197801589966
-0.413534045219421387
-0.520526587963104248
-0.552945673465728760
-0.116291143000125885
-0.452382028102874756
-0.559383869171142578
-0.526258111000061035
-0.379047214984893799
-0.181923881173133850
-0.392801970243453979
-1.120535254478454590
-1.280773639678955078
-0.985911250114440918
-0.435983806848526001
-0.274322479963302612
-0.423210620880126953
-0.530054748058319092
-0.112959526479244232
-0.451135754585266113
-0.543491661548614502
-0.423196285963058472
-0.153268471360206604
-0.821731984615325928
-1.763536334037780762
-1.869973897933959961
-1.270422816276550293
-1.936745882034301758
-1.826526165008544922
-1.081253647804260254
-0.326165586709976196
-0.498127639293670654
-0.107125021517276764
-0.447686880826950073
-0.506091833114624023
-0.305375754833221436
-0.479149073362350464
-1.907027244567871094
-1.595005750656127930
-1.396129727363586426
-1.025567650794982910
-1.402455687522888184
-1.431679010391235352
-1.170736670494079590
-0.406498730182647705
-0.474837452173233032
-0.104446545243263245
-0.441090613603591919
-0.465521305799484253
-0.333729714155197144
-1.360783219337463379
-1.884708642959594727
-0.897662460803985596
-2.157033681869506836
-1.578166007995605469
-0.694392323493957520
0.203628614544868469
-0.616671144962310791
-0.454251885414123535
-0.509533405303955078
-0.107851475477218628
-0.429108023643493652
-0.426187872886657715
-0.395412921905517578
-1.503037691116333008
-1.689100503921508789
-1.419622182846069336
-1.807150840759277344
-2.746110439300537109
-2.393638610839843750
-0.435473203659057617
-0.274836778640747070
-0.460656613111495972
-0.543030202388763428
-0.111296527087688446
-0.403748333454132080
-0.363244146108627319
-0.209229126572608948
-1.160545468330383301
-1.741179227828979492
-1.503682017326354980
-1.463771820068359375
-3.458643674850463867
-3.517987489700317383
-1.211038470268249512
-0.279608190059661865
-0.487318605184555054
-0.543451130390167236
-0.113377600908279419
-0.373734027147293091
-0.307214319705963135
-0.068246304988861084
-0.821733415126800537
-0.651276171207427979
-1.369820475578308105
-1.337218523025512695
-1.719781279563903809
-0.125826269388198853
0.524430751800537109
-0.220327571034431458
-0.513864338397979736
-0.552704691886901855
-0.117723144590854645
-0.367202460765838623
-0.324258267879486084
-0.154582247138023376
-0.311148285865783691
-0.224252313375473022
-0.719164490699768066
-0.351151973009109497
0.442445695400238037
1.751208662986755371
0.768374681472778320
-0.312625735998153687
-0.573875665664672852
-0.575781941413879395
-0.122322648763656616
-0.391404032707214355
-0.410875767469406128
-0.273112803697586060
-0.248561322689056396
-0.296489536762237549
0.006904123350977898
0.034874986857175827
0.003524042898789048
-0.153616875410079956
-0.387556940317153931
-0.590765476226806641
-0.617210865020751953
-0.581575393676757813
-0.121314138174057007
-0.425363183021545410
-0.493584930896759033
-0.408363938331604004
-0.358527004718780518
-0.312948286533355713
-0.269692927598953247
-0.241532608866691589
-0.316781818866729736
-0.504679799079895020
-0.672105431556701660
-0.655595362186431885
-0.597958922386169434
-0.571182966232299805
-0.118825800716876984
-0.445849180221557617
-0.538045525550842285
-0.509948492050170898
-0.466811567544937134
-0.429545313119888306
-0.499896526336669922
-0.556876480579376221
-0.658464074134826660
-0.703395962715148926
-0.657576143741607666
-0.600436627864837646
-0.573504626750946045
-0.565123915672302246
-0.118080660700798035
-0.314632236957550049
-0.211998879909515381
-0.202641114592552185
-0.195730671286582947
-0.198566734790802002
-0.213755428791046143
-0.254130423069000244
-0.270032346248626709
-0.259474068880081177
-0.238614529371261597
-0.224691674113273621
-0.218691200017929077
-0.216923072934150696
0.200955823063850403
-0.244040429592132568
0.016285194084048271
0.017229540273547173
0.021956069394946098
0.032225489616394043
0.038301777094602585
0.010065995156764984
-0.060736656188964844
-0.092444494366645813
-0.049987647682428360
-0.009809981100261211
0.007713295053690672
0.014935479499399662
0.246276587247848511
-0.291688442230224609
0.239766255021095276
0.248798891901969910
0.287056505680084229
0.324504703283309937
0.227218806743621826
0.150956243276596069
0.158947452902793884
0.011958532966673374
-0.035577330738306046
0.071751981973648071
0.189085856080055237
0.226646587252616882
0.562000393867492676
-0.291191488504409790
0.245701715350151062
0.288964539766311646
0.379719048738479614
-0.013104422949254513
-0.169160977005958557
0.761857867240905762
1.288960814476013184
1.151370763778686523
0.337227344512939453
-0.046572849154472351
0.072904564440250397
0.198400974273681641
0.557883024215698242
-0.289666116237640381
0.263974159955978394
0.354316383600234985
0.285527169704437256
-0.258184045553207397
0.008604497648775578
-0.437977403402328491
-0.798950731754302979
0.941322624683380127
1.633966207504272461
0.958956539630889893
-0.073346562683582306
0.147235080599784851
0.548320114612579346
-0.286387503147125244
0.287724763154983521
0.372399866580963135
-0.108641929924488068
-0.522803127765655518
0.711989760398864746
0.796080946922302246
-0.065949581563472748
0.069901734590530396
1.019223809242248535
0.887482643127441406
-0.092354990541934967
0.083564862608909607
0.539446771144866943
-0.281225323677062988
0.310284465551376343
0.325714468955993652
-0.492185056209564209
-0.882766366004943848
1.051258802413940430
1.705760121345520020
-0.199601262807846069
0.218834221363067627
1.989440202713012695
1.713080286979675293
-0.214677453041076660
0.067063704133033752
0.532248914241790771
-0.269054532051086426
0.333036243915557861
0.340437799692153931
-0.729426801204681396
-1.084266662597656250
0.813476145267486572
1.556208372116088867
0.946652591228485107
0.576922774314880371
2.070937395095825195
1.432308197021484375
-0.147212028503417969
0.046810634434223175
0.529272556304931641
-0.249275267124176025
0.369793564081192017
0.391718000173568726
-0.411899745464324951
-0.883511006832122803
-0.483527809381484985
0.289094209671020508
0.564756155014038086
1.380745530128479004
2.413589239120483398
1.022836804389953613
-0.129848480224609375
0.077921785414218903
0.531691491603851318
-0.234126240015029907
0.393473476171493530
0.465568721294403076
-0.117595858871936798
-0.519313335418701172
-0.190887913107872009
0.159505903720855713
0.175268113613128662
0.420199453830718994
0.983492374420166016
0.369347840547561646
-0.102680049836635590
0.116329602897167206
0.538823843002319336
-0.237083747982978821
0.373902410268783569
0.435836642980575562
0.216165080666542053
-0.046030659228563309
-0.214532747864723206
-0.162392243742942810
1.020927906036376953
2.120019674301147461
1.882070541381835938
0.181524783372879028
-0.005177057813853025
0.153878062963485718
0.547380626201629639
-0.256926715373992920
0.323326200246810913
0.375539690256118774
0.318648397922515869
0.154307842254638672
0.141767606139183044
0.145241096615791321
-0.036227915436029434
-0.102489084005355835
-0.106680817902088165
-0.006018923595547676
0.072622194886207581
0.185817211866378784
0.553956151008605957
-0.276337713003158569
0.275282829999923706
0.309463471174240112
0.311579197645187378
0.239077359437942505
0.170438259840011597
0.138677507638931274
0.073850639164447784
0.007950926199555397
-0.047496624290943146
0.016711957752704620
0.156885251402854919
0.218159049749374390
0.561392664909362793
-0.287716954946517944
0.250920385122299194
0.264295786619186401
0.271881014108657837
0.267586678266525269
0.185954958200454712
0.071056969463825226
0.014829373918473721
-0.019856583327054977
0.060153398662805557
0.161116823554039001
0.216781586408615112
0.233889266848564148
0.563245773315429688
-0.216508790850639343
0.039586495608091354
0.043737530708312988
0.045984849333763123
0.035156946629285812
0.011053552851080894
-0.027598477900028229
-0.053355298936367035
-0.035158406943082809
-0.003975791390985250
0.021957071498036385
0.032965060323476791
0.036773245781660080
0.245030000805854797
-0.258037686347961426
-0.023009706288576126
-0.024142522364854813
-0.029062066227197647
-0.037789020687341690
-0.042632851749658585
-0.025845071300864220
-0.008060539141297340
-0.038352817296981812
-0.042594965547323227
-0.030636306852102280
-0.026794141158461571
-0.023584365844726563
-0.318441480398178101
-0.419886201620101929
-0.330760300159454346
-0.341231971979141235
-0.377207875251770020
-0.383553862571716309
-0.289704024791717529
-0.398409038782119751
-0.281785309314727783
-0.296897232532501221
-0.357070535421371460
-0.385036647319793701
-0.348566085100173950
-0.335213214159011841
-0.497289687395095825
-0.420524567365646362
-0.337560147047042847
-0.382394939661026001
-0.426702767610549927
0.190987959504127502
-0.318776637315750122
-0.257745265960693359
-0.268876254558563232
0.108755201101303101
-0.007215656805783510
-0.349841326475143433
-0.385762661695480347
-0.348044216632843018
-0.499507814645767212
-0.422367632389068604
-0.356606304645538330
-0.415571004152297974
-0.111849322915077209
0.453881919384002686
-0.939734578132629395
0.643018901348114014
-0.982644438743591309
-0.188023000955581665
-0.045196108520030975
0.526629209518432617
-0.397888541221618652
-0.363023728132247925
-0.502818763256072998
-0.425181299448013306
-0.369828313589096069
-0.320307672023773193
0.532463014125823975
-0.861566066741943359
-1.499299287796020508
0.372542589902877808
-1.213355779647827148
-1.452238440513610840
-1.491102576255798340
0.955586433410644531
-0.246265590190887451
-0.369331955909729004
-0.504588305950164795
-0.428165823221206665
-0.363630145788192749
-0.176065951585769653
0.443466335535049438
-0.988210320472717285
-1.286153912544250488
-0.555748045444488525
-0.016013961285352707
-1.652789115905761719
-2.463106393814086914
0.196858450770378113
-0.140282049775123596
-0.339639037847518921
-0.500362753868103027
-0.435120314359664917
-0.363095670938491821
-0.267798095941543579
0.151129916310310364
-0.794162094593048096
-1.302087903022766113
-1.116372346878051758
0.631834924221038818
-0.901293754577636719
-1.264176249504089355
-0.037447363138198853
-0.220439508557319641
-0.303851485252380371
-0.494523555040359497
-0.446003079414367676
-0.364051461219787598
-0.347444683313369751
0.132542744278907776
-1.233015298843383789
-0.560953676700592041
-1.804622292518615723
-0.583318591117858887
-1.667528867721557617
0.242513731122016907
-0.124991223216056824
-0.228712052106857300
-0.307231873273849487
-0.493179738521575928
-0.441408634185791016
-0.332551330327987671
-0.197118461132049561
-0.244794785976409912
-0.737439572811126709
-1.093895673751831055
-1.759421348571777344
-2.428137779235839844
-2.443791627883911133
-0.541839182376861572
-0.223919436335563660
-0.229601040482521057
-0.308857023715972900
-0.493209034204483032
-0.421118080615997314
-0.280496329069137573
-0.195778697729110718
-0.099148310720920563
-0.054827809333801270
-0.990827322006225586
-1.215271830558776855
-1.949202895164489746
-1.395059585571289063
-1.124308586120605469
-0.309349685907363892
-0.239078462123870850
-0.304052770137786865
-0.491071373224258423
-0.405333578586578369
-0.270924091339111328
-0.190110608935356140
-0.070586554706096649
-0.034901462495326996
0.041627813130617142
-0.081789746880531311
0.049653761088848114
0.011140422895550728
-0.015827659517526627
-0.196039214730262756
-0.249082535505294800
-0.307419657707214355
-0.491935670375823975
-0.406132549047470093
-0.294523596763610840
-0.222645878791809082
-0.145179629325866699
-0.057124298065900803
0.075906105339527130
0.067526213824748993
0.099903851747512817
0.021420218050479889
-0.109906092286109924
-0.202577188611030579
-0.287569880485534668
-0.319486767053604126
-0.495050787925720215
-0.415801316499710083
-0.312067717313766479
-0.288036733865737915
-0.227896049618721008
-0.133774861693382263
-0.060993913561105728
0.020373530685901642
-0.034765586256980896
-0.109913952648639679
-0.210510283708572388
-0.283396959304809570
-0.317660510540008545
-0.327130913734436035
-0.495890945196151733
-0.325886607170104980
-0.390892714262008667
-0.380821853876113892
-0.363504618406295776
-0.337995171546936035
-0.310418188571929932
-0.304269492626190186
-0.315058141946792603
-0.344666421413421631
-0.368563711643218994
-0.385949075222015381
-0.392327755689620972
-0.394479930400848389
-0.407063573598861694
