0.232335746288299561
-0.215061828494071960
-0.066791169345378876
-0.317052990198135376
-0.116933465003967285
0.404741644859313965
-0.270442366600036621
-0.025679780170321465
-0.326763302087783813
0.177607014775276184
0.321317046880722046
-0.333703488111495972
-0.003351506544277072
-0.143749684095382690
-0.397331804037094116
-0.367498248815536499
-0.190529882907867432
-0.048192892223596573
0.473300725221633911
0.082625232636928558
-0.166074275970458984
-0.027154520153999329
-0.099740155041217804
-0.197372421622276306
0.482735484838485718
0.075404174625873566
-0.205482482910156250
-0.253754734992980957
-0.057582415640354156
-0.225677520036697388
0.135000944137573242
-0.536280572414398193
0.247114494442939758
0.276567608118057251
-0.432637184858322144
0.270110458135604858
